name time   east             north           alt  .... bat

b0 5.441463 0.00428280513734 0.0252893585712 0.00354492315091 1.0 0.0 0.0 0.03 99 

b1 5.819914 -0.0742473751307 0.00916586164385 0.0103564532474 0.124034734589 -0.992277876714 0.0 0.080622577483 99 

b0 6.030298 0.0170591566712 -0.00314377434552 4.97228765488 0.980580675691 0.0 0.196116135138 0.0509901951359 98 

b1 6.25996 -0.117650598288 -0.0821708589792 7.58473157883 0.0198965580875 0.0 0.999802043895 2.01039797055 98 

b1 6.466731 -0.161750882864 -0.0268848799169 9.81452083588 0.172773685116 0.259160527674 0.950255268139 0.115758369028 98 

b0 6.522299 0.0348850935698 0.0804264768958 4.99951648712 -0.980580675691 -0.196116135138 0.0 0.0509901951359 96 

b0 2.279519 -0.455248981714 0.0108254915103 0.154409348965 0.0 -0.997333723592 0.0729756383116 0.411096095822 99 

b1 2.616613 -0.482345849276 0.0181334242225 0.228051051497 0.0 -0.99503719021 0.099503719021 0.502493781056 99 

b0 2.879084 -0.783263087273 -0.0139595661312 5.04748439789 0.125491161028 0.941183707707 0.313727902569 0.159373774505 98 

b1 3.12887 -0.554900825024 0.0483245514333 7.40993070602 -0.00952240609799 -0.014283609147 0.999852640288 2.100309501 98 

b1 3.334736 -0.930003643036 -0.00971111189574 10.0001792908 0.0437688109532 0.875376219065 0.481456920486 0.228473193176 98 

b0 3.353779 -0.412018626928 0.0177727751434 5.0973443985 0.0 -1.0 0.0 0.03 96 

b0 2.289651 -0.440065592527 0.0113217830658 0.15440389514 0.0 -0.997333723592 0.0729756383116 0.411096095822 99 

b1 2.655619 -0.460850149393 0.0189928784966 0.227387115359 0.0 -0.994834142531 0.101513688013 0.492544414241 99 

b0 2.902988 -0.77586710453 -0.0270507987589 5.05648899078 0.176166065854 0.939552351224 0.293610109757 0.170293863659 98 

b1 3.157697 -0.478898316622 0.0520497001708 7.53337669373 -0.00482883348169 -0.0289730008902 0.99956853071 2.07089352696 98 

b1 3.423566 -0.87942391634 0.000198754540179 10.0029411316 0.0 0.876215908677 0.481918749772 0.22825424421 98 

b0 3.448564 -0.394040942192 0.0155640412122 5.10755157471 0.0 -1.0 0.0 0.03 96 

b0 3.45822 -0.394040942192 0.0155640412122 5.10755157471 0.0 -1.0 0.0 0.03 96 

b1 3.467211 -0.883179664612 -0.00240449071862 10.0296487808 0.0 0.894427191 0.4472135955 0.22360679775 98 

b1 3.499182 -0.88425141573 -0.00471028126776 10.0543737411 0.0 0.911921505175 0.410364677329 0.219317121995 98 

b0 3.490246 -0.394040942192 0.0155640412122 5.10755157471 0.0 -1.0 0.0 0.03 96 

b1 3.544295 -0.877679526806 -0.00706229638308 10.0733413696 -0.0341394370999 0.990043675898 0.1365577484 0.292916370318 97 

b0 3.557849 -0.292752146721 0.0414155125618 5.10150432587 0.202490192119 0.978702595241 -0.0337483653531 0.592621295601 96 

b0 3.577761 -0.0134193515405 0.101722002029 5.08545827866 0.201593232161 0.978320097254 -0.047433701685 1.68656455554 96 

b1 3.598962 -0.804328680038 -0.0218153260648 10.0784454346 -0.152057184254 0.988371697651 0.0 0.789176786278 97 

b0 3.670168 1.41864657402 0.434564322233 5.04205322266 0.282824321472 0.959143351079 -0.00737802577753 4.06612837968 96 

b1 3.678119 -0.542939305305 -0.0803940370679 10.0691423416 -0.194933781141 0.980083732961 -0.0379037907775 1.84678098322 97 

b1 3.692013 0.0120692970231 -0.208913698792 10.0493907928 -0.225267457202 0.974043793817 -0.0222094676115 3.15180900437 97 

b0 3.705324 1.41864657402 0.434564322233 5.04205322266 0.282824321472 0.959143351079 -0.00737802577753 4.06612837968 96 

b0 3.723779 2.42950558662 0.818954646587 5.03504514694 0.438592045657 0.898683701396 -0.00214996100812 4.65124714458 96 

b1 3.748821 1.7661408186 -0.782088041306 10.0480632782 -0.387095775504 0.921991756201 0.00938414001223 4.26251099705 97 

b0 3.754417 3.4184486866 1.44625544548 5.0299077034 0.640786964557 0.76771601185 -0.00204724269827 4.88461871593 96 

b1 3.765386 1.7661408186 -0.782088041306 10.0480632782 -0.387095775504 0.921991756201 0.00938414001223 4.26251099705 97 

b1 3.78105 1.7661408186 -0.782088041306 10.0480632782 -0.387095775504 0.921991756201 0.00938414001223 4.26251099705 97 

b0 3.805785 4.23721408844 2.32995533943 5.02148628235 0.828331398853 0.56022413449 -0.00400160096064 4.99799959984 96 

b0 3.838488 4.23721408844 2.32995533943 5.02148628235 0.828331398853 0.56022413449 -0.00400160096064 4.99799959984 96 

b1 3.875943 3.15619969368 -1.78050303459 10.0649957657 -0.791826325702 0.610736000093 -0.00355079069822 2.81627413438 97 

b1 3.916287 3.32460689545 -2.2999856472 10.053563118 -0.997500181887 -0.0571484479206 -0.0415625075786 1.9248116791 97 

b0 3.913995 4.95021820068 4.65259838104 5.00055551529 0.999676537258 -0.0251369342057 -0.00386722064703 5.17167284348 96 

b1 3.947649 3.03217577934 -2.69535136223 10.032166481 -0.531198077066 -0.846596935325 -0.0331998798167 2.40964727709 97 

b0 3.954746 4.73928260803 5.87029457092 4.99458265305 0.938173291918 -0.346160376054 -0.00196682031849 5.08434853251 96 

b0 3.966911 4.73928260803 5.87029457092 4.99458265305 0.938173291918 -0.346160376054 -0.00196682031849 5.08434853251 96 

b1 3.979758 2.3175008297 -2.94409680367 10.0217561722 -0.230877292468 -0.972982875401 0.0 3.63829630459 97 

b0 3.989926 4.1475315094 6.89518213272 4.98589992523 0.740111585397 -0.672455955707 -0.00615051179 4.87764287336 96 

b1 3.996918 2.3175008297 -2.94409680367 10.0217561722 -0.230877292468 -0.972982875401 0.0 3.63829630459 97 

b1 4.015774 2.3175008297 -2.94409680367 10.0217561722 -0.230877292468 -0.972982875401 0.0 3.63829630459 97 

b0 4.075724 3.22687482834 7.5889005661 4.97827911377 0.431671633996 -0.902030820096 0.0 4.9111403971 96 

b0 4.096718 2.10862827301 7.93679380417 4.98456573486 0.160108420952 -0.98699748106 0.0141868221097 4.93415646286 96 

b1 4.115024 0.277377963066 -3.46078824997 10.0503759384 -0.362290195697 -0.931928868176 0.0159498828294 4.3887469738 97 

b0 4.170895 0.990703821182 8.01225757599 5.0081911087 -0.0246486879654 -0.999392257506 0.0246486879654 4.46271217983 95 

b1 4.201397 -1.23864257336 -4.51135349274 10.06569767 -0.846923333155 -0.531715024951 0.0 3.14078015786 97 

b1 4.218229 -1.23864257336 -4.51135349274 10.06569767 -0.846923333155 -0.531715024951 0.0 3.14078015786 97 

b0 4.250912 -0.576760113239 7.83062791824 5.04744005203 -0.12581545278 -0.992006454613 0.00967811175233 2.06651881192 95 

b0 4.279532 -0.879115700722 7.87733411789 5.04505205154 0.722008585599 -0.690616907964 -0.0418555701797 0.955667306127 95 

b1 4.298697 -1.37630069256 -5.94882583618 10.0647325516 -0.976188068152 0.216600999924 0.0118685479411 3.37025221608 96 

b0 4.314407 -0.86772364378 8.21767234802 5.02998733521 0.972295163767 0.231498848516 -0.0324098387922 2.15983795688 95 

b1 4.325216 -1.18169677258 -6.76505231857 10.0803928375 -0.976784624277 0.213320780014 0.0196479665803 3.56270964295 96 

b1 4.336599 -1.18169677258 -6.76505231857 10.0803928375 -0.976784624277 0.213320780014 0.0196479665803 3.56270964295 96 

b0 4.348152 -0.631487548351 8.91222000122 5.01709842682 0.951593103615 0.307313353575 -0.00539146234343 3.70956870808 95 

b0 4.41589 -0.322709351778 9.91354560852 5.01774644852 0.971595632321 0.236562414826 0.00633649325427 4.73447990808 95 

b1 4.430668 -1.77162659168 -9.19302654266 10.0737514496 -0.666939502603 -0.744958840643 -0.0151005170401 3.97337388122 96 

b0 4.446232 -0.0715442299843 11.1166658401 5.03082799911 0.991404355336 0.130145745488 0.0133973561532 5.2249114825 95 

b1 4.45592 -1.77162659168 -9.19302654266 10.0737514496 -0.666939502603 -0.744958840643 -0.0151005170401 3.97337388122 96 

b1 4.470043 -2.66173005104 -9.70724582672 10.0594406128 -0.357240465488 -0.93399013266 -0.00645615299074 4.64673003304 96 

b0 4.499703 0.0296880938113 12.380616188 5.0478925705 0.999656853951 -0.0234294575145 0.0117147287572 5.12175751086 95 

b0 4.547092 -0.114532135427 13.5547742844 5.0570936203 0.961605449099 -0.27443571244 0.0 4.62767760329 95 

b1 4.561829 -3.83404755592 -10.002831459 10.057888031 -0.174102972593 -0.984711436387 0.00561622492236 5.34166640666 96 

b0 4.654139 -1.26817774773 15.0375680923 5.04202747345 0.387555967012 -0.921829550106 -0.00553651381445 3.61238148595 95 

b1 4.690534 -7.50567531586 -10.8036994934 10.1096057892 -0.438790276672 -0.898586470845 0.00233399083336 4.2845069728 96 

b1 4.705462 -7.50567531586 -10.8036994934 10.1096057892 -0.438790276672 -0.898586470845 0.00233399083336 4.2845069728 96 

b0 4.727036 -2.79079031944 15.0373134613 5.05977773666 -0.376165711182 -0.926219345457 0.0248411318705 2.81790702473 95 

b0 4.745963 -2.79079031944 15.0373134613 5.05977773666 -0.376165711182 -0.926219345457 0.0248411318705 2.81790702473 95 

b1 4.765556 -8.23079681396 -11.3122873306 10.1083364487 -0.72873868285 -0.684763072678 -0.00628223002457 3.18358288725 96 

b0 4.805173 -3.37769579887 14.3904027939 5.07291078568 -0.977684663305 0.209503856422 -0.0155188041794 1.28875909308 95 

b1 4.815339 -8.31713485718 -12.400519371 10.0839223862 -0.749457602312 0.661511046939 -0.0267663429397 2.61522465574 96 

b1 4.84269 -8.31713485718 -12.400519371 10.0839223862 -0.749457602312 0.661511046939 -0.0267663429397 2.61522465574 96 

b0 4.861096 -3.10989809036 14.1869115829 5.0643362999 -0.187573538862 0.982002644629 -0.0220674751602 1.81262240966 94 

b0 4.88079 -2.53057932854 14.2784194946 5.04984903336 0.361129661349 0.932371125665 -0.0164149846068 3.0459973736 94 

b1 4.887333 -6.70429801941 -13.0982398987 10.0814161301 -0.258881658622 0.965741143903 0.0180091588607 4.44218414747 96 

b0 4.895911 -2.53057932854 14.2784194946 5.04984903336 0.361129661349 0.932371125665 -0.0164149846068 3.0459973736 94 

b1 4.906098 -6.70429801941 -13.0982398987 10.0814161301 -0.258881658622 0.965741143903 0.0180091588607 4.44218414747 96 

b1 4.915099 -6.70429801941 -13.0982398987 10.0814161301 -0.258881658622 0.965741143903 0.0180091588607 4.44218414747 96 

b0 4.924862 -1.75234103203 14.7288017273 5.03859376907 0.593271975219 0.804988640885 -0.00465311353113 4.29819729654 94 

b0 4.935674 -1.75234103203 14.7288017273 5.03859376907 0.593271975219 0.804988640885 -0.00465311353113 4.29819729654 94 

b1 4.947298 -5.6309709549 -13.3784685135 10.1084442139 -0.291770392118 0.956109131094 0.0269326515801 4.45555832641 96 

b1 4.967124 -4.6661772728 -13.7313919067 10.1314573288 -0.444021659567 0.895878995479 0.0156713526906 3.82864205692 96 

b0 4.962049 -0.876596748829 15.4932909012 5.03953027725 0.71382388185 0.700282507398 0.00773792825854 5.16934231794 94 

b1 4.976859 -4.6661772728 -13.7313919067 10.1314573288 -0.444021659567 0.895878995479 0.0156713526906 3.82864205692 96 

b0 4.985795 -0.876596748829 15.4932909012 5.03953027725 0.71382388185 0.700282507398 0.00773792825854 5.16934231794 94 

b0 5.042383 -0.0374764129519 16.486164093 5.05422353745 0.81127115631 0.58448399216 0.0147503846602 5.42358737369 94 

b1 5.083545 -3.67352724075 -14.6888895035 10.1361179352 -0.979200022889 0.20289730204 0.0 2.26715680975 95 

b0 5.108664 1.08171391487 18.6031475067 5.09617137909 0.943610738282 0.330625757403 0.0168932868746 4.1436578044 94 

b1 5.117874 -3.69715738297 -15.261464119 10.1374521255 -0.973141567272 -0.230083858929 0.00754373307962 2.65120727217 95 

b1 5.132778 -3.69715738297 -15.261464119 10.1374521255 -0.973141567272 -0.230083858929 0.00754373307962 2.65120727217 95 

b0 5.139748 1.33565187454 19.4262695312 5.11139011383 0.959337320176 0.281763408723 0.0167716314716 2.9812245806 94 

b0 5.148176 1.33565187454 19.4262695312 5.11139011383 0.959337320176 0.281763408723 0.0167716314716 2.9812245806 94 

b1 5.156961 -3.87817811966 -15.9478244781 10.1453332901 -0.967510456873 -0.252661966445 0.00924373047968 3.24544295898 95 

b0 5.166244 1.33565187454 19.4262695312 5.11139011383 0.959337320176 0.281763408723 0.0167716314716 2.9812245806 94 

b1 5.173938 -3.87817811966 -15.9478244781 10.1453332901 -0.967510456873 -0.252661966445 0.00924373047968 3.24544295898 95 

b1 5.183938 -4.00788164139 -16.7702236176 10.1517343521 -0.997853240448 -0.0654329993736 0.0027263749739 3.66787404364 95 

b0 5.19031 1.54092431068 19.9660758972 5.12042140961 0.850583267391 0.525815110751 0.0051550501054 1.93984535466 94 

b0 5.219707 1.86912119389 20.2318267822 5.11859512329 0.344249966282 0.938863544405 -0.00521590858003 1.91721151676 94 

b1 5.234557 -3.93298149109 -17.6888656616 10.1510839462 -0.981152392472 0.193219269106 -0.00250934115722 3.98510978519 95 

b0 5.251211 1.86912119389 20.2318267822 5.11859512329 0.344249966282 0.938863544405 -0.00521590858003 1.91721151676 94 

b1 5.293166 -3.1702413559 -19.6164054871 10.1584777832 -0.910593494539 0.413076246896 0.0136931352562 4.38175763821 95 

b1 5.312456 -3.1702413559 -19.6164054871 10.1584777832 -0.910593494539 0.413076246896 0.0136931352562 4.38175763821 95 

b0 5.353539 3.91898584366 20.5994548798 5.12845134735 0.381040269367 0.92453956831 0.00590760107546 3.38546894831 94 

b0 5.366683 3.91898584366 20.5994548798 5.12845134735 0.381040269367 0.92453956831 0.00590760107546 3.38546894831 94 

b1 5.38043 -2.58063769341 -21.399974823 10.1788463593 -0.999279307843 0.0378276078679 -0.00315230065566 3.17228624181 95 

b0 5.394194 4.58323860168 21.0329799652 5.12533760071 0.711563538831 0.702518239609 -0.0120603989632 3.31663986589 94 

b1 5.400627 -2.58063769341 -21.399974823 10.1788463593 -0.999279307843 0.0378276078679 -0.00315230065566 3.17228624181 95 

b1 5.410061 -2.58063769341 -21.399974823 10.1788463593 -0.999279307843 0.0378276078679 -0.00315230065566 3.17228624181 95 

b0 5.418946 4.98213338852 21.7273769379 5.10972833633 0.960254398065 0.278416955652 -0.0198869254037 3.51990056678 94 

b0 5.431272 4.98213338852 21.7273769379 5.10972833633 0.960254398065 0.278416955652 -0.0198869254037 3.51990056678 94 

b1 5.441859 -2.70659399033 -22.0392913818 10.1671485901 -0.846500104452 -0.531618423086 -0.0286256073969 2.44536295874 95 

b0 5.451101 4.98213338852 21.7273769379 5.10972833633 0.960254398065 0.278416955652 -0.0198869254037 3.51990056678 94 

b1 5.496563 -3.94481825829 -22.4196281433 10.1375246048 0.0752051208405 -0.997164194848 0.00278537484594 3.59018105393 95 

b1 5.516307 -3.94481825829 -22.4196281433 10.1375246048 0.0752051208405 -0.997164194848 0.00278537484594 3.59018105393 95 

b0 5.540183 3.20397210121 24.7859268188 5.09427261353 0.377014001201 -0.926143089906 0.0109279420638 3.66034151412 93 

b0 5.552211 3.20397210121 24.7859268188 5.09427261353 0.377014001201 -0.926143089906 0.0109279420638 3.66034151412 93 

b1 5.572253 -5.62027454376 -22.0146560669 10.1703243256 0.389673236994 -0.920760148703 0.0188551566287 3.18215335897 95 

b0 5.591323 2.43017363548 24.9686908722 5.10856962204 0.107273608122 -0.994068768595 0.017878934687 2.79658720586 93 

b1 5.600323 -5.62027454376 -22.0146560669 10.1703243256 0.389673236994 -0.920760148703 0.0188551566287 3.18215335897 95 

b1 5.60937 -5.62027454376 -22.0146560669 10.1703243256 0.389673236994 -0.920760148703 0.0188551566287 3.18215335897 95 

b0 5.624184 2.43017363548 24.9686908722 5.10856962204 0.107273608122 -0.994068768595 0.017878934687 2.79658720586 93 

b0 5.63546 2.43017363548 24.9686908722 5.10856962204 0.107273608122 -0.994068768595 0.017878934687 2.79658720586 93 

b1 5.64864 -6.29040718079 -21.3688030243 10.1628246307 0.976887114442 0.209909627897 -0.040367236134 1.23862827353 95 

b0 5.661721 1.87899184227 24.9493808746 5.11812162399 -0.158454127724 -0.987291103511 0.0121887790557 1.64085343648 93 

b1 5.67829 -6.027572155 -21.1363201141 10.1546325684 0.38185708002 0.924204816859 0.00553416057999 1.80695877097 94 

b1 5.702469 -6.027572155 -21.1363201141 10.1546325684 0.38185708002 0.924204816859 0.00553416057999 1.80695877097 94 

b0 5.704464 1.79837882519 24.8850345612 5.10582542419 0.335295428052 0.941680776656 -0.0285357811108 1.40174890762 93 

b0 5.733126 1.79837882519 24.8850345612 5.10582542419 0.335295428052 0.941680776656 -0.0285357811108 1.40174890762 93 

b1 5.771285 -4.98994827271 -21.0553855896 10.1855354309 -0.0895245366866 0.995302201987 0.036863044518 1.89892074611 94 

b0 5.8358 2.761947155 25.5734977722 5.10756921768 0.728757391152 0.684590276536 0.0157739695054 3.16977917212 93 

b1 5.871869 -4.5661315918 -21.0812797546 10.1859788895 0.466767700332 -0.881672322849 -0.0691507704195 0.578446194559 94 

b1 5.878412 -4.5661315918 -21.0812797546 10.1859788895 0.466767700332 -0.881672322849 -0.0691507704195 0.578446194559 94 

b0 5.887204 3.22739052773 26.1646728516 5.12364292145 0.829777518678 0.557610492552 0.023233770523 3.01285578812 93 

b0 5.909566 3.52659010887 26.7192363739 5.13830566406 0.928120277479 0.372167041959 0.00918930967801 2.17644205069 93 

b1 5.920437 -4.82414627075 -20.9620056152 10.1793107986 0.378399739109 -0.925623977206 0.00582153444784 1.71776016952 94 

b0 5.930096 3.52659010887 26.7192363739 5.13830566406 0.928120277479 0.372167041959 0.00918930967801 2.17644205069 93 

b1 5.939785 -4.82414627075 -20.9620056152 10.1793107986 0.378399739109 -0.925623977206 0.00582153444784 1.71776016952 94 

b1 5.975108 -5.25196743011 -20.7911453247 10.1884412766 0.333920676147 -0.941955340177 0.0348872348214 2.00646455239 94 

b0 6.006585 3.35578584671 27.1719646454 5.12160205841 -0.216045242196 -0.975928507851 -0.0297993437512 1.34231143927 93 

b0 6.025535 3.35578584671 27.1719646454 5.12160205841 -0.216045242196 -0.975928507851 -0.0297993437512 1.34231143927 93 

b1 6.054374 -5.65297174454 -20.6528091431 10.202747345 0.303592706273 -0.952177124219 0.0344991711674 1.44931018074 94 

b0 6.113816 2.98878502846 26.9444122314 5.11768007278 -0.695264903972 -0.71875358316 0.0 2.12868504011 93 

b1 6.160999 -5.19268941879 -20.4253845215 10.17146492 0.133330086962 0.990966862557 -0.0144140634554 2.77506756674 94 

b1 6.178108 -5.19268941879 -20.4253845215 10.17146492 0.133330086962 0.990966862557 -0.0144140634554 2.77506756674 94 

b0 6.191352 2.54899692535 25.8842372894 5.1282916069 -0.999785249975 0.0203208384141 0.00406416768282 2.46052839854 93 

b0 6.199037 2.54899692535 25.8842372894 5.1282916069 -0.999785249975 0.0203208384141 0.00406416768282 2.46052839854 93 

b1 6.209013 -5.19268941879 -20.4253845215 10.17146492 0.133330086962 0.990966862557 -0.0144140634554 2.77506756674 94 

b0 6.22991 2.71832227707 25.3234939575 5.12672519684 -0.830705480256 0.556572671772 -0.0124605822038 2.40759215815 93 

b1 6.261131 -3.54255628586 -20.2884864807 10.183049202 0.00294921100358 0.999782530215 0.0206444770251 3.39073738293 94 

b1 6.295418 -3.54255628586 -20.2884864807 10.183049202 -0.139189493169 0.990233822832 0.00795368532395 2.51455761517 94 

b0 6.325241 3.98368239403 24.9194545746 5.09774923325 0.15895392545 0.987187537007 -0.0139433267939 3.58594478485 92 

b0 6.399706 4.86970615387 25.2314605713 5.09223508835 0.480045373229 0.877240275952 -0.00243677854431 4.10377874647 92 

b1 6.408485 -2.30554151535 -20.4925785065 10.1715936661 -0.0305245697664 -0.992048517407 -0.122098279066 0.655209890035 94 

b0 6.432122 5.67207384109 25.8579216003 5.09378051758 0.738028812002 0.674769199545 0.0 4.2681260525 92 

b1 6.440416 -2.66611385345 -20.4025154114 10.1470336914 0.309935698769 -0.950197602804 -0.0326248103967 2.45212153043 94 

b1 6.460617 -2.66611385345 -20.4025154114 10.1470336914 0.309935698769 -0.950197602804 -0.0326248103967 2.45212153043 94 

b0 6.497665 6.44622755051 27.7420825958 5.09515237808 0.998999427599 0.0446611508809 0.00235058688847 4.25425669183 92 

b0 6.530432 6.31739664078 28.7183074951 5.10019207001 0.950977235371 -0.309260889552 0.0 3.88021906598 92 

b1 6.540408 -4.38992929459 -19.7099437714 10.1304130554 0.366660434324 -0.930269901941 0.0125712148911 4.77280839758 93 

b0 6.568141 6.31739664078 28.7183074951 5.10019207001 0.950977235371 -0.309260889552 0.0 3.88021906598 92 

b1 6.58529 -5.4782204628 -19.3112678528 10.1487150192 0.300756587249 -0.953462372342 0.0213302544148 4.68817661783 93 

b1 6.595377 -5.4782204628 -19.3112678528 10.1487150192 0.300756587249 -0.953462372342 0.0213302544148 4.68817661783 93 

b0 6.602763 5.87379407883 29.4556102753 5.09654474258 0.704062757321 -0.710080387726 -0.00902644560668 3.32356736053 92 

b0 6.619687 5.22523403168 29.8033332825 5.09053516388 0.202718022555 -0.9792311259 -0.00343589868737 2.91044670111 92 

b1 6.626026 -6.48319005966 -19.05377388 10.1671152115 0.174506979986 -0.984531916938 0.015627490745 3.83938797206 93 

b0 6.643361 4.5598950386 29.7386951447 5.09288358688 -0.355992879905 -0.93448130975 0.00370825916567 2.69668314787 92 

b1 6.668761 -7.2442946434 -18.9856987 10.1687078476 -0.0242843342203 -0.99970509207 0.0 2.47072863747 93 

b1 6.689458 -7.2442946434 -18.9856987 10.1687078476 -0.0242843342203 -0.99970509207 0.0 2.47072863747 93 

b0 6.729663 4.05948829651 29.354932785 5.09900951385 -0.788496178087 -0.615027018908 0.00394248089043 2.53647393048 92 

b0 6.79008 4.05948829651 29.354932785 5.09900951385 -0.788496178087 -0.615027018908 0.00394248089043 2.53647393048 92 

b1 6.810144 -7.63396549225 -19.221036911 10.1471481323 -0.747409318684 0.66436383883 0.0 1.08374351209 93 

b0 6.82948 4.47225952148 27.7639942169 5.1019077301 -0.477630333499 0.878560905414 0.0 2.86832703854 92 

b1 6.835478 -7.32887935638 -19.4574260712 10.1482753754 -0.603928654912 0.796779822026 0.0203001228542 1.97043142484 93 

b1 6.844724 -7.32887935638 -19.4574260712 10.1482753754 -0.603928654912 0.796779822026 0.0203001228542 1.97043142484 93 

b0 6.850846 4.47225952148 27.7639942169 5.1019077301 -0.477630333499 0.878560905414 0.0 2.86832703854 92 

b0 6.863012 4.47225952148 27.7639942169 5.1019077301 -0.477630333499 0.878560905414 0.0 2.86832703854 92 

b1 6.873455 -6.92463254929 -19.7914485931 10.1601886749 -0.724315688655 0.688766452402 0.0311055817214 2.25039996445 93 

b0 6.887014 4.47225952148 27.7639942169 5.1019077301 -0.477630333499 0.878560905414 0.0 2.86832703854 92 

b1 6.894307 -6.92463254929 -19.7914485931 10.1601886749 -0.724315688655 0.688766452402 0.0311055817214 2.25039996445 93 

b1 6.911562 -6.6218419075 -20.2241630554 10.1694917679 -0.927400958807 0.37379936605 0.0141949126348 2.11343322582 93 

b0 6.943462 5.81800031662 27.6195659637 5.12427949905 0.299584314325 0.953939527194 0.0157675954908 2.53684843852 92 

b0 6.978363 6.29424381256 27.8840694427 5.13430786133 0.691420109512 0.722379218894 0.0103197031271 1.93804024726 92 

b1 7.030414 -6.81649446487 -21.1233577728 10.1626844406 -0.732786520707 -0.680444626371 0.00436182452802 2.29261859017 93 

b0 7.067875 6.33556318283 28.4561595917 5.13424730301 0.482475252366 -0.87587815045 -0.00742269619025 1.34721935853 91 

b1 7.080957 -7.26539325714 -21.5091094971 10.1700906754 -0.624937657917 -0.780201672307 0.0271712025181 2.57625697476 93 

b1 7.101838 -7.71792602539 -21.9032669067 10.1826343536 -0.725899407158 -0.687469438544 0.0213499825635 2.34192228735 93 

b0 7.103179 5.95788860321 28.4935646057 5.13578224182 -0.176936057031 -0.984206817238 0.00552925178223 1.80856296545 91 

b0 7.111777 5.95788860321 28.4935646057 5.13578224182 -0.176936057031 -0.984206817238 0.00552925178223 1.80856296545 91 

b1 7.116314 -7.71792602539 -21.9032669067 10.1826343536 -0.725899407158 -0.687469438544 0.0213499825635 2.34192228735 93 

b0 7.122942 5.95788860321 28.4935646057 5.13578224182 -0.176936057031 -0.984206817238 0.00552925178223 1.80856296545 91 

b1 7.128811 -7.71792602539 -21.9032669067 10.1826343536 -0.725899407158 -0.687469438544 0.0213499825635 2.34192228735 93 

b1 7.144197 -7.98810911179 -22.3076877594 10.1866855621 -0.948103600784 -0.317961573434 0.0 1.72976877067 93 

b0 7.154923 5.54095077515 28.2902164459 5.14248895645 -0.635139971311 -0.772330205114 0.010162239541 1.9680701207 91 

b0 7.162609 5.54095077515 28.2902164459 5.14248895645 -0.635139971311 -0.772330205114 0.010162239541 1.9680701207 91 

b1 7.190463 -7.94828987122 -22.6551094055 10.175658226 -0.810582023754 0.584682115495 -0.033220574744 1.50509135935 93 

b0 7.226879 5.29907226562 27.4244937897 5.1462521553 -0.931158769081 0.364580682074 -0.00492676597397 2.02972904596 91 

b1 7.248413 -7.56262969971 -22.8783149719 10.1601381302 -0.295303486241 0.955393631957 -0.00434269832708 2.30271578793 92 

b1 7.301113 -6.25136327744 -23.0797939301 10.1791172028 -0.120727213736 0.992226787889 0.0301818034339 2.65060370482 92 

b0 7.315883 6.82935857773 26.8181114197 5.14225721359 0.296396703387 0.955056044248 0.00411662088038 2.4291768153 91 

b0 7.32486 6.82935857773 26.8181114197 5.14225721359 0.296396703387 0.955056044248 0.00411662088038 2.4291768153 91 

b1 7.336251 -6.25136327744 -23.0797939301 10.1791172028 -0.120727213736 0.992226787889 0.0301818034339 2.65060370482 92 

b0 7.345898 6.82935857773 26.8181114197 5.14225721359 0.296396703387 0.955056044248 0.00411662088038 2.4291768153 91 

b1 7.352676 -5.71600675583 -23.1327972412 10.1889915466 -0.0771448824439 0.996949250044 0.0118684434529 1.68514094366 92 

b1 7.360021 -5.71600675583 -23.1327972412 10.1889915466 -0.0771448824439 0.996949250044 0.0118684434529 1.68514094366 92 

b0 7.376203 7.28795433044 27.1138782501 5.14119720459 0.785322027676 0.619018539462 -0.00923908267854 2.16471707158 91 

b0 7.427091 7.28795433044 27.1138782501 5.14119720459 0.785322027676 0.619018539462 -0.00923908267854 2.16471707158 91 

b1 7.468516 -5.62760019302 -22.9374847412 10.1574907303 0.597817169913 -0.801075007684 -0.0298908584957 1.67275222313 92 

b0 24.3038 19.7650489807 21.2352695465 5.12940597534 1.0 0.0 0.0 0.06 41 

b1 24.33599 8.10297203064 -19.888917923 10.1664638519 -0.57735026919 0.57735026919 0.57735026919 0.0173205080757 43 

b0 24.371918 19.7667579651 21.2331218719 5.12819385529 0.984731927835 0.123091490979 -0.123091490979 0.0812403840464 41 

b1 24.381385 8.10269355774 -19.8905200958 10.1649723053 0.0 0.948683298051 0.316227766017 0.0316227766017 43 

b1 24.395438 8.10269355774 -19.8905200958 10.1649723053 0.0 0.948683298051 0.316227766017 0.0316227766017 43 

b0 24.416737 19.770526886 21.2352581024 5.12672758102 0.993883734674 0.110431526075 0.0 0.0905538513814 41 

b0 4.929357 0.150283783674 -0.130694001913 0.000157242917339 -0.658504607869 0.752576694707 0.0 0.212602916255 100 

b1 5.247444 -0.097295165062 0.0155684901401 0.00995578616858 0.141421356237 -0.989949493661 0.0 0.0707106781187 99 

b0 5.459224 0.1408867836 -0.123363412917 0.373871326447 -0.0998901811679 0.109879199285 0.988912793562 1.00109939566 99 

b1 5.72443 -0.154518440366 -0.067410402 7.49744796753 0.0295405256019 0.0147702628009 0.999454449529 2.03110807196 98 

b0 5.940291 0.00304912310094 -0.00611562328413 3.51166653633 -0.0650214850228 0.0780257820273 0.994828720848 1.53795318524 99 

b1 6.131171 -0.0544644594193 0.0554670877755 9.9730796814 -0.57735026919 -0.57735026919 0.57735026919 0.0346410161514 97 

b0 6.331576 -0.0163063425571 0.0207078736275 4.86148786545 -0.572848444011 0.660978973859 0.484717914163 0.226936114358 98 

b1 6.385967 -0.0326805077493 0.0642750710249 9.98079395294 -0.486664263392 -0.811107105654 0.324442842262 0.0616441400297 96 

b1 6.60532 1.27482652664 -0.156294286251 9.98122596741 -0.207693829508 0.978170938973 0.00669980095187 1.49258165606 96 

b0 6.628711 -0.0188937019557 0.027667267248 4.94796705246 -0.669710822529 0.717547309852 0.191345949294 0.209045449604 98 

b0 6.806595 0.12462310493 0.0350325219333 4.98175907135 -0.212408344923 0.977078386646 0.0141605563282 0.706186944088 98 

b1 6.975033 21.8511695862 -5.45087528229 9.97473907471 -0.233542813058 0.97234651975 0.0 4.4531449561 94 

b0 7.205377 2.56051254272 0.676955699921 4.99880743027 0.155492863566 0.987837015595 0.0 2.1865955273 97 

b1 7.39841 41.3074913025 -10.0624074936 9.98456764221 -0.189486264701 0.981883371633 0.0 0.580517010948 93 

b0 11.058044 0.0211425516754 0.0376630835235 0.00178429309744 0.928476690885 0.371390676354 0.0 0.0538516480713 99 

b1 11.387017 0.0233714450151 0.0318476893008 -0.000413595611462 0.894427191 0.4472135955 0.0 0.04472135955 99 

b0 11.458014 -0.00453540310264 -0.103559531271 4.81381702423 0.725318520735 0.197814142019 0.659380473396 0.151657508881 98 

b1 11.529156 0.0324862748384 0.0511056631804 -0.000744499498978 0.894427191 0.4472135955 0.0 0.067082039325 99 

b0 11.544961 0.00663239788264 -0.0864882171154 4.83799982071 0.963811120254 0.266586054538 0.0 0.487647413609 98 

b1 11.568101 0.0365752875805 0.0618481226265 -0.000480379123474 0.919145030018 0.393919298579 0.0 0.0761577310586 99 

b0 11.578218 0.0288379453123 -0.0304802656174 4.84726905823 0.963811120254 0.266586054538 0.0 0.487647413609 98 

b1 11.590651 0.0365752875805 0.0618481226265 -0.000480379123474 0.919145030018 0.393919298579 0.0 0.0761577310586 99 

b0 11.603604 0.0288379453123 -0.0304802656174 4.84726905823 0.963811120254 0.266586054538 0.0 0.487647413609 98 

b1 11.624274 0.0401752889156 0.0725983008742 -0.000286474300083 0.919145030018 0.393919298579 0.0 0.0761577310586 99 

b0 11.646167 0.265517532825 0.627632439137 4.82523727417 0.946759916946 0.320556507312 -0.0298192099826 2.68283432213 98 

b1 11.663936 0.0434919148684 0.0832532718778 -3.16587975249e-05 0.936329177569 0.351123441588 0.0 0.0854400374532 99 

b0 11.684891 0.530184566975 1.38658750057 4.80916070938 0.949654954328 0.313129471427 -0.0102665400468 3.89615194776 98 

b1 11.70644 0.0494099631906 0.103103011847 4.59255243186e-05 0.91381154862 0.406138466053 0.0 0.098488578018 99 

b0 11.739721 1.27588641644 3.57484960556 4.80919027328 0.949409118785 0.313992448287 0.00557383044297 5.38229504951 98 

b1 11.751109 0.0517531707883 0.111792840064 -0.000156849971972 0.928476690885 0.371390676354 0.0 0.107703296143 99 

b0 11.762479 1.27588641644 3.57484960556 4.80919027328 0.949409118785 0.313992448287 0.00557383044297 5.38229504951 98 

b1 11.774426 0.0517531707883 0.111792840064 -0.000156849971972 0.928476690885 0.371390676354 0.0 0.107703296143 99 

b0 11.800365 1.71422827244 4.86416006088 4.81781387329 0.948834483139 0.315696767368 0.00697672414073 5.73334980618 98 

b1 11.815711 0.0533919073641 0.119904637337 -0.000528655364178 0.928476690885 0.371390676354 0.0 0.107703296143 99 

b0 11.832119 2.17292904854 6.2135310173 4.82892036438 0.949335159566 0.31419277523 0.00675683387592 5.91993243205 98 

b1 11.842859 0.0544305033982 0.125543087721 -0.00109853746835 0.928476690885 0.371390676354 0.0 0.107703296143 99 

b0 11.859789 2.63934159279 7.59812688828 4.83768367767 0.950793843975 0.309753395163 0.006625741073 6.03706054301 98 

b1 11.877105 0.0545635521412 0.129074051976 -0.00172111263964 0.939793423488 0.341743063087 0.0 0.117046999107 99 

b0 11.911175 3.10321688652 9.00681877136 4.84753370285 0.952991320914 0.302926794449 0.00654976852862 6.10708604819 98 

b1 11.926247 0.0535874478519 0.131217926741 -0.00245076720603 0.964763821238 0.263117405792 0.0 0.11401754251 99 

b0 11.944154 3.10321688652 9.00681877136 4.84753370285 0.952991320914 0.302926794449 0.00654976852862 6.10708604819 98 

b1 11.959324 0.0535874478519 0.131217926741 -0.00245076720603 0.964763821238 0.263117405792 0.0 0.11401754251 99 

b0 11.975542 3.56538486481 10.4293632507 4.85613203049 0.95373426007 0.300580644145 0.00649904095448 6.15475425992 97 

b1 11.993651 0.04665299505 0.130173549056 -0.0047512659803 0.957826285221 0.287347885566 0.0 0.104403065089 99 

b0 12.006305 3.56538486481 10.4293632507 4.85613203049 0.95373426007 0.300580644145 0.00649904095448 6.15475425992 97 

b1 12.022329 0.04665299505 0.130173549056 -0.0047512659803 0.957826285221 0.287347885566 0.0 0.104403065089 99 

b0 12.054245 4.50581169128 13.306265831 4.86999368668 0.952142642557 0.305586321091 0.00643339623349 6.21755578986 97 

b1 12.07342 0.0413543581963 0.127007976174 -0.00627045612782 0.980580675691 0.196116135138 0.0 0.101980390272 99 

b0 12.083828 4.9899392128 14.7402715683 4.87818384171 0.950261246649 0.311348394806 0.00810803111475 6.16672522495 97 

b1 12.097311 0.0413543581963 0.127007976174 -0.00627045612782 0.980580675691 0.196116135138 0.0 0.101980390272 99 

b0 12.131824 5.47742700577 16.1506671906 4.88748645782 0.948153243471 0.317705798859 0.00827358851196 6.04332689832 97 

b1 12.142027 0.0353122316301 0.121206574142 -0.00802942737937 0.993883734674 0.110431526075 0.0 0.0905538513814 99 

b0 12.176111 5.96064329147 17.5275306702 4.89650535583 0.947810296676 0.318762675805 0.0067821845916 5.89780467632 97 

b1 12.188506 0.0212983805686 0.103726521134 -0.011924142018 1.0 0.0 0.0 0.07 99 

b0 12.200754 5.96064329147 17.5275306702 4.89650535583 0.947810296676 0.318762675805 0.0067821845916 5.89780467632 97 

b1 12.209384 0.0212983805686 0.103726521134 -0.011924142018 1.0 0.0 0.0 0.07 99 

b0 12.225735 6.43338775635 18.8696689606 4.90386867523 0.946908620763 0.321427696956 0.0069497880423 5.75557121405 97 

b1 12.243522 0.0120179019868 0.0927762836218 -0.0139308003709 1.0 0.0 0.0 0.06 99 

b0 12.259302 6.90065336227 20.1795196533 4.91027784348 0.946140043557 0.323679488585 0.00711383491396 5.62284625434 97 

b1 12.272799 0.000639056845102 0.0799476653337 -0.0162335000932 1.0 0.0 0.0 0.05 99 

b0 12.287931 6.90065336227 20.1795196533 4.91027784348 0.946140043557 0.323679488585 0.00711383491396 5.62284625434 97 

b1 12.302117 0.000639056845102 0.0799476653337 -0.0162335000932 1.0 0.0 0.0 0.05 99 

b0 12.326656 7.36860370636 21.4581642151 4.9159450531 0.943266522053 0.3319572568 0.00725589632349 5.51275793047 97 

b1 12.337555 -0.0116215199232 0.0658356845379 -0.0185498073697 0.942809041582 -0.235702260396 -0.235702260396 0.0424264068712 99 

b0 12.357053 7.83963298798 22.7087841034 4.92156648636 0.940626462596 0.33936327278 0.00737746245173 5.42191847965 97 

b1 12.379109 -0.0358323305845 0.0332538411021 -0.0231330003589 0.534522483825 -0.801783725737 -0.267261241912 0.0374165738677 99 

b0 12.39658 8.31366825104 23.9397830963 4.92673921585 0.938519408246 0.345181094484 0.0055975312619 5.35950557421 97 

b1 12.406068 -0.0358323305845 0.0332538411021 -0.0231330003589 0.534522483825 -0.801783725737 -0.267261241912 0.0374165738677 99 

b0 12.428334 8.79086971283 25.1530361176 4.93057394028 0.937392770531 0.348228238049 0.00564694440079 5.31260764597 97 

b1 12.438873 -0.0485677793622 0.0150529472157 -0.0256133060902 0.0 -0.970142500145 -0.242535625036 0.0412310562562 99 

b0 12.453515 9.26103210449 26.3587532043 4.93584012985 0.940594132679 0.339448285785 0.00758543655386 5.2732627471 97 

b1 12.462728 -0.0485677793622 0.0150529472157 -0.0256133060902 0.0 -0.970142500145 -0.242535625036 0.0412310562562 99 

b0 12.479797 9.26103210449 26.3587532043 4.93584012985 0.940594132679 0.339448285785 0.00758543655386 5.2732627471 97 

b1 12.499972 -0.0715181753039 -0.022524619475 -0.0302084609866 -0.19245008973 -0.962250448649 -0.19245008973 0.0519615242271 99 

b0 12.515773 9.71499824524 27.5589485168 4.94120550156 0.945174697708 0.326514895572 0.00572833150126 5.23712707503 97 

b1 12.531746 -0.0715181753039 -0.022524619475 -0.0302084609866 -0.19245008973 -0.962250448649 -0.19245008973 0.0519615242271 99 

b0 12.554232 10.1461172104 28.7551059723 4.94516086578 0.951145660001 0.308688246653 0.00578790462475 5.18322293559 97 

b1 12.57066 -0.0920502692461 -0.0614261813462 -0.0347625501454 -0.492365963917 -0.861640436855 -0.123091490979 0.0812403840464 99 

b0 12.582909 10.5452623367 29.9437885284 4.94848299026 0.95941128351 0.281949438419 0.00587394663373 5.10729869892 97 

b1 12.595415 -0.0920502692461 -0.0614261813462 -0.0347625501454 -0.492365963917 -0.861640436855 -0.123091490979 0.0812403840464 99 

b0 12.615317 10.9013767242 31.1253547668 4.95192337036 0.968104765488 0.250474744253 0.00596368438699 5.03044729622 97 

b1 12.626494 -0.101594440639 -0.0813277363777 -0.0370801128447 -0.57735026919 -0.808290376865 -0.115470053838 0.0866025403784 99 

b0 12.643034 11.2164936066 32.2931213379 4.95609712601 0.97361227325 0.228126725113 0.00611053727981 4.90955191438 97 

b1 12.655081 -0.110154613853 -0.101147592068 -0.0394496619701 -0.597022314126 -0.796029752168 -0.099503719021 0.100498756211 99 

b0 12.674743 11.4752883911 33.4248809814 4.95910263062 0.988073641677 0.153844799472 0.00650048448472 4.61504062821 97 

b1 12.686054 -0.117602363229 -0.121165953577 -0.0417579486966 -0.655610068107 -0.749268649265 -0.0936585811582 0.10677078252 99 

b0 12.699287 11.4752883911 33.4248809814 4.95910263062 0.988073641677 0.153844799472 0.00650048448472 4.61504062821 97 

b1 12.710674 -0.117602363229 -0.121165953577 -0.0417579486966 -0.655610068107 -0.749268649265 -0.0936585811582 0.10677078252 99 

b0 12.727616 11.5758314133 34.4776077271 4.95856142044 0.998953597121 -0.0457352249284 0.0 4.15434712079 96 

b1 12.741927 -0.125732019544 -0.140361830592 -0.0441350825131 -0.70436072506 -0.70436072506 -0.0880450906326 0.113578166916 99 

b0 12.750935 11.5758314133 34.4776077271 4.95856142044 0.998953597121 -0.0457352249284 0.0 4.15434712079 96 

b1 12.774037 -0.133349090815 -0.159881651402 -0.0465800724924 -0.704934404989 -0.704934404989 -0.0783260449988 0.127671453348 99 

b0 12.810761 10.9075508118 36.232208252 4.9300403595 0.746198319836 -0.665656278965 -0.00947553422014 4.22139787274 96 

b1 12.827619 -0.139864191413 -0.179287105799 -0.0491147823632 -0.741249316661 -0.667124384995 -0.0741249316661 0.134907375632 99 

b0 12.847226 10.1077051163 36.9287490845 4.91856765747 0.561908779125 -0.827196567039 -0.0020888802198 4.78725391012 96 

b1 12.861835 -0.139864191413 -0.179287105799 -0.0491147823632 0.0 0.0 0.0 0.0 99 

b0 12.875719 10.1077051163 36.9287490845 4.91856765747 0.561908779125 -0.827196567039 -0.0020888802198 4.78725391012 96 

b1 12.886238 -0.139864191413 -0.179287105799 -0.0491147823632 0.0 0.0 0.0 0.0 99 

b0 12.907925 9.07391643524 37.5249557495 4.91365718842 0.438163486263 -0.898893332333 0.00188052998396 5.31764985684 96 

b1 12.922344 -0.139864191413 -0.179287105799 -0.0491147823632 0.0 0.0 0.0 0.0 99 

b0 12.940924 7.87854003906 38.0425415039 4.91606044769 0.361087459391 -0.932517128136 0.00525855523385 5.70498904469 96 

b1 12.979069 -0.139864191413 -0.179287105799 -0.0491147823632 -0.316227766017 -0.948683298051 0.0 0.0316227766017 99 

b0 12.997215 6.58518028259 38.5094680786 4.92255878448 0.319752513443 -0.947477184569 0.00673163186195 5.94209558994 96 

b1 13.019932 -0.139864191413 -0.179287105799 -0.0491147823632 -0.4472135955 -0.894427191 0.0 0.04472135955 99 

b0 13.037785 5.23649120331 38.9472694397 4.92915391922 0.298923121826 -0.954254581214 0.00656973894123 6.08852198813 96 

b1 13.048316 -0.139864191413 -0.179287105799 -0.0491147823632 -0.514495755428 -0.857492925713 0.0 0.0583095189485 99 

b0 13.068666 3.85640025139 39.3684997559 4.93473672867 0.285854061857 -0.958260775542 0.00487251241801 6.15698789994 96 

b1 13.091622 -0.139864191413 -0.179287105799 -0.0491147823632 -0.554700196225 -0.832050294338 0.0 0.0721110255093 99 

b0 13.105499 2.46068930626 39.7780609131 4.93972873688 0.276640364329 -0.960961265565 0.00485333972508 6.18131054065 96 

b1 13.116092 -0.139864191413 -0.179287105799 -0.0491147823632 -0.554700196225 -0.832050294338 0.0 0.0721110255093 99 

b0 13.138222 1.05462670326 40.1780090332 4.9440202713 0.267890417473 -0.963437224286 0.00484139308686 6.19656356378 96 

b1 13.157344 -0.139864191413 -0.179287105799 -0.0491147823632 -0.581238193719 -0.813733471207 0.0 0.0860232526704 99 

b0 13.178082 -0.35281291604 40.5690574646 4.94900035858 0.262977806051 -0.964789742445 0.00484008231996 6.19824168616 96 

b1 13.189849 -0.139864191413 -0.179287105799 -0.0491147823632 -0.529998940003 -0.847998304005 0.0 0.0943398113206 99 

b0 13.208832 -1.76428115368 40.9536933899 4.95352506638 0.258463883764 -0.966008765569 0.00484619782058 6.19042001806 96 

b1 13.22728 -0.139864191413 -0.179287105799 -0.0491147823632 -0.554700196225 -0.832050294338 0.0 0.108166538264 99 

b0 13.247212 -3.17471027374 41.3333091736 4.95802116394 0.255048128861 -0.966922969542 0.00322845732735 6.1949092003 96 

b1 13.25823 -0.139864191413 -0.179287105799 -0.0491147823632 -0.613940613515 -0.789352217376 0.0 0.11401754251 99 

b0 13.274157 -4.58908414841 41.7099227905 4.96056890488 0.25314251493 -0.967423623937 0.00322474541312 6.20203998697 96 

b1 13.28674 -0.139864191413 -0.179287105799 -0.0491147823632 -0.613940613515 -0.789352217376 0.0 0.11401754251 99 

b0 13.307503 -4.58908414841 41.7099227905 4.96056890488 0.25314251493 -0.967423623937 0.00322474541312 6.20203998697 96 

b1 13.343053 -0.139864191413 -0.179287105799 -0.0491147823632 -0.588171697675 -0.808736084303 0.0 0.136014705087 99 

b0 13.366457 -7.42895126343 42.4738998413 4.96365213394 0.259857084239 -0.965641757479 0.00320811215109 6.23419601873 96 

b1 13.381794 -0.139864191413 -0.179287105799 -0.0491147823632 -0.588171697675 -0.808736084303 0.0 0.136014705087 99 

b0 13.396146 -7.42895126343 42.4738998413 4.96365213394 0.259857084239 -0.965641757479 0.00320811215109 6.23419601873 96 

b1 13.414416 -0.139864191413 -0.179287105799 -0.0491147823632 -0.633237790257 -0.773957299203 0.0 0.142126704036 99 

b0 13.433286 -10.2711238861 43.2903022766 4.96770715714 0.28942054934 -0.957189749772 0.00485062373195 6.18477162068 95 

b1 13.440728 -0.139864191413 -0.179287105799 -0.0491147823632 -0.6 -0.8 0.0 0.15 99 

b0 13.457239 -11.6504592896 43.7439308167 4.97036790848 0.324661312577 -0.94582453817 0.0033128705365 6.03706054301 95 

b1 13.474523 -0.139864191413 -0.179287105799 -0.0491147823632 -0.6 -0.8 0.0 0.15 99 

b0 13.486326 -11.6504592896 43.7439308167 4.97036790848 0.324661312577 -0.94582453817 0.0033128705365 6.03706054301 95 

b1 13.503396 -0.139864191413 -0.179287105799 -0.0491147823632 -0.640184399664 -0.768221279597 0.0 0.156204993518 99 

b0 13.518048 -12.9724664688 44.2445755005 4.97361755371 0.371090925906 -0.928582362982 0.00513028929824 5.84762344889 95 

b1 13.525543 -0.139864191413 -0.179287105799 -0.0491147823632 -0.640184399664 -0.768221279597 0.0 0.156204993518 99 

b0 13.541444 -14.2217998505 44.8023376465 4.97626972198 0.428689386682 -0.903436310777 0.00531433123986 5.64511293067 95 

b1 13.550557 -0.139864191413 -0.179287105799 -0.0491147823632 -0.640184399664 -0.768221279597 0.0 0.156204993518 99 

b0 13.568225 -15.3868894577 45.4241333008 4.97910737991 0.495740079573 -0.868463176438 0.00367214873758 5.44640248237 95 

b1 13.580909 -0.139864191413 -0.179287105799 -0.0491147823632 -0.640184399664 -0.768221279597 0.0 0.156204993518 99 

b0 13.599664 -15.3868894577 45.4241333008 4.97910737991 0.495740079573 -0.868463176438 0.00367214873758 5.44640248237 95 

b1 13.619353 -0.139864191413 -0.179287105799 -0.0491147823632 -0.640184399664 -0.768221279597 0.0 0.156204993518 99 

b0 13.638907 -17.46991539 46.875793457 4.98002529144 0.627260289971 -0.778800237701 0.00383645437291 5.21314684236 95 

b1 13.650106 -0.139864191413 -0.179287105799 -0.0491147823632 -0.640184399664 -0.768221279597 0.0 0.156204993518 99 

b0 13.669744 -17.46991539 46.875793457 4.98002529144 0.627260289971 -0.778800237701 0.00383645437291 5.21314684236 95 

b1 13.695336 -0.139864191413 -0.179287105799 -0.0491147823632 -0.638876565 -0.766651878 -0.0638876565 0.156524758425 99 

b0 13.717766 -19.2396907806 48.6020965576 4.97974061966 0.740379316992 -0.672186485164 0.00194836662366 5.13250426205 95 

b1 13.729043 -0.139864191413 -0.179287105799 -0.0491147823632 -0.638876565 -0.766651878 -0.0638876565 0.156524758425 99 

b0 13.74223 -19.2396907806 48.6020965576 4.97974061966 0.740379316992 -0.672186485164 0.00194836662366 5.13250426205 95 

b1 13.756609 -0.139864191413 -0.179287105799 -0.0491147823632 -0.638876565 -0.766651878 -0.0638876565 0.156524758425 99 

b0 13.771038 -20.0175037384 49.5527915955 4.97944307327 0.792617856902 -0.609706043771 0.00393358737917 5.08441737075 95 

b1 13.802582 -0.139864191413 -0.179287105799 -0.0491147823632 -0.640184399664 -0.768221279597 0.0 0.156204993518 99 

b0 13.818465 -20.7034950256 50.5603370667 4.97941017151 0.844063476558 -0.536228561578 0.0039720634191 5.0351663329 95 

b1 13.832844 -0.139864191413 -0.179287105799 -0.0491147823632 -0.640184399664 -0.768221279597 0.0 0.156204993518 99 

b0 13.848821 -21.2936153412 51.5987815857 4.98310232162 0.877627360063 -0.4792716789 0.0082990766909 4.81981327439 95 

b1 13.856169 -0.139864191413 -0.179287105799 -0.0491147823632 -0.638876565 -0.766651878 -0.0638876565 0.156524758425 99 

b0 13.880744 -21.2936153412 51.5987815857 4.98310232162 0.877627360063 -0.4792716789 0.0082990766909 4.81981327439 95 

b1 13.893233 -0.139864191413 -0.179287105799 -0.0491147823632 -0.638876565 -0.766651878 -0.0638876565 0.156524758425 99 

b0 13.913353 -22.2672233582 53.3003845215 4.98990297318 0.77011013537 -0.637902386808 -0.00330519371403 3.02554127389 95 

b1 13.928579 -0.139864191413 -0.179287105799 -0.0491147823632 -0.672672793996 -0.739940073396 0.0 0.148660687473 99 

b0 13.943102 -22.2672233582 53.3003845215 4.98990297318 0.77011013537 -0.637902386808 -0.00330519371403 3.02554127389 95 

b1 13.952141 -0.139864191413 -0.179287105799 -0.0491147823632 -0.672672793996 -0.739940073396 0.0 0.148660687473 99 

b0 13.977195 -22.7214069366 53.6545028687 4.97114992142 0.251752634589 -0.966730116823 -0.0453154742261 1.98607653428 95 

b1 13.989019 -0.139864191413 -0.179287105799 -0.0491147823632 -0.633237790257 -0.773957299203 0.0 0.142126704036 99 

b0 14.009474 -23.1716442108 53.5325050354 4.93932151794 -0.632914719233 -0.772649137765 -0.0493180300701 2.43318721022 95 

b1 14.025336 -0.139864191413 -0.179287105799 -0.0491147823632 -0.633237790257 -0.773957299203 0.0 0.142126704036 99 

b0 14.041712 -23.6051368713 52.9289054871 4.90847110748 -0.885233651754 -0.464682767343 -0.0207679449092 3.85209034162 95 

b1 14.050153 -0.139864191413 -0.179287105799 -0.0491147823632 -0.633237790257 -0.773957299203 0.0 0.142126704036 99 

b0 14.066831 -23.6051368713 52.9289054871 4.90847110748 -0.885233651754 -0.464682767343 -0.0207679449092 3.85209034162 95 

b1 14.088666 -0.139864191413 -0.179287105799 -0.0491147823632 -0.668964731622 -0.743294146247 0.0 0.134536240471 99 

b0 14.103206 -24.0139312744 51.9256820679 4.89397096634 -0.943278416238 -0.332002755198 0.0 5.12043943427 94 

b1 14.122396 -0.139864191413 -0.179287105799 -0.0491147823632 -0.624695047554 -0.780868809443 0.0 0.128062484749 99 

b0 14.137506 -24.4018039703 50.6422615051 4.89349269867 -0.961637963909 -0.274275871445 0.00501724155083 5.97938123889 94 

b1 14.151298 -0.139864191413 -0.179287105799 -0.0491147823632 -0.624695047554 -0.780868809443 0.0 0.128062484749 99 

b0 14.174518 -24.7725849152 49.1895980835 4.9019651413 -0.969551509134 -0.244711083775 0.00929282596614 6.4565935291 94 

b1 14.188886 -0.139864191413 -0.179287105799 -0.0491147823632 -0.66436383883 -0.747409318684 0.0 0.120415945788 99 

b0 14.200928 -25.1229190826 47.6519927979 4.91286706924 -0.974679261461 -0.223426476858 0.00899703933656 6.66886047237 94 

b1 14.209539 -0.139864191413 -0.179287105799 -0.0491147823632 -0.66436383883 -0.747409318684 0.0 0.120415945788 99 

b0 14.226349 -25.4487018585 46.0785636902 4.92531394958 -0.978368627187 -0.206676655287 0.00892129447283 6.72548139541 94 

b1 14.233477 -0.139864191413 -0.179287105799 -0.0491147823632 -0.66436383883 -0.747409318684 0.0 0.120415945788 99 

b0 14.251292 -25.4487018585 46.0785636902 4.92531394958 -0.978368627187 -0.206676655287 0.00892129447283 6.72548139541 94 

b1 14.259699 -0.139864191413 -0.179287105799 -0.0491147823632 -0.613940613515 -0.789352217376 0.0 0.11401754251 99 

b0 14.274026 -25.7548503876 44.4975204468 4.93543624878 -0.980725045575 -0.195250730958 0.00745231797549 6.70932187333 94 

b1 14.288529 -0.139864191413 -0.179287105799 -0.0491147823632 -0.613940613515 -0.789352217376 0.0 0.11401754251 99 

b0 14.302211 -26.0453987122 42.9218482971 4.94262552261 -0.982307835998 -0.187177560213 0.00598968192682 6.67815094169 94 

b1 14.316403 -0.139864191413 -0.179287105799 -0.0491147823632 -0.658504607869 -0.752576694707 0.0 0.106301458127 99 

b0 14.35548 -26.3263149261 41.3534965515 4.94807052612 -0.982425969251 -0.186555620501 0.00601792324197 6.64681126556 94 

b1 14.36834 -0.139864191413 -0.179287105799 -0.0491147823632 -0.6 -0.8 0.0 0.1 99 

b0 14.395379 -26.6113910675 39.7898597717 4.95430898666 -0.981769802438 -0.190019961762 0.00452428480386 6.63088229424 94 

b1 14.416202 -0.139864191413 -0.179287105799 -0.0491147823632 -0.650791373456 -0.759256602365 0.0 0.0921954445729 99 

b0 14.436899 -26.9069786072 38.2296867371 4.9592461586 -0.980570633485 -0.196114126697 0.00452571061608 6.62879325368 94 

b1 14.450424 -0.139864191413 -0.179287105799 -0.0491147823632 -0.581238193719 -0.813733471207 0.0 0.0860232526704 99 

b0 14.469886 -27.2116012573 36.6717796326 4.96275520325 -0.979338468883 -0.202205477396 0.00301799219995 6.62692236261 94 

b1 14.490078 -0.139864191413 -0.179287105799 -0.0491147823632 -0.581238193719 -0.813733471207 0.0 0.0860232526704 99 

b0 14.501953 -27.5282974243 35.1139984131 4.96555233002 -0.978127586653 -0.207983986068 0.00301426066765 6.63512622337 94 

b1 14.520576 -0.139864191413 -0.179287105799 -0.0491147823632 -0.640184399664 -0.768221279597 0.0 0.0781024967591 99 

b0 14.541132 -27.8583068848 33.5536880493 4.96976804733 -0.976393944968 -0.215976540822 0.00299967417809 6.66739079401 94 

b1 14.548151 -0.139864191413 -0.179287105799 -0.0491147823632 -0.640184399664 -0.768221279597 0.0 0.0781024967591 99 

b0 14.570239 -28.2035808563 31.9891586304 4.97397422791 -0.974863426632 -0.222783206393 0.0029903786093 6.68811632674 94 

b1 14.587562 -0.139864191413 -0.179287105799 -0.0491147823632 -0.554700196225 -0.832050294338 0.0 0.0721110255093 99 

b0 14.616488 -28.5634460449 30.4207954407 4.97747850418 -0.973298673928 -0.229537512687 0.00149050332914 6.70914301532 94 

b1 14.628877 -0.139864191413 -0.179287105799 -0.0491147823632 -0.624695047554 -0.780868809443 0.0 0.0640312423743 99 

b0 14.643482 -28.9348831177 28.8499279022 4.97982883453 -0.97169097257 -0.236236796083 0.00297153202621 6.73053489702 94 

b1 14.660108 -0.139864191413 -0.179287105799 -0.0491147823632 -0.624695047554 -0.780868809443 0.0 0.0640312423743 99 

b0 14.676864 -29.3204154968 27.2784366608 4.98285865784 -0.969263370785 -0.246020977906 0.00148205408377 6.7473920888 94 

b1 14.685241 -0.139864191413 -0.179287105799 -0.0491147823632 -0.514495755428 -0.857492925713 0.0 0.0583095189485 99 

b0 14.700575 -29.724565506 25.7089328766 4.98460626602 -0.966650295607 -0.256095713844 0.00148032204534 6.75528681849 93 

b1 14.707142 -0.139864191413 -0.179287105799 -0.0491147823632 -0.6 -0.8 0.0 0.05 99 

b0 14.726657 -30.1483249664 24.141166687 4.98610830307 -0.963070440066 -0.269245499373 0.00147937087568 6.7596301674 93 

b1 14.740743 -0.139864191413 -0.179287105799 -0.0491147823632 -0.6 -0.8 0.0 0.05 99 

b0 14.760759 -30.596157074 22.5826911926 4.98972177505 -0.958068104595 -0.286525040627 0.00298463583986 6.70098500222 93 

b1 14.774772 -0.139864191413 -0.179287105799 -0.0491147823632 -0.6 -0.8 0.0 0.05 99 

b0 14.785999 -30.596157074 22.5826911926 4.98972177505 -0.958068104595 -0.286525040627 0.00298463583986 6.70098500222 93 

b1 14.797078 -0.139864191413 -0.179287105799 -0.0491147823632 -0.4472135955 -0.894427191 0.0 0.04472135955 99 

b0 14.810872 -31.0711288452 21.06300354 4.99611759186 -0.949741797765 -0.313000527858 0.00460294893909 6.51756089346 93 

b1 14.831804 -0.139864191413 -0.179287105799 -0.0491147823632 -0.554700196225 -0.832050294338 0.0 0.0360555127546 99 

