b0 3.860256 -0.0334377512336 0.0126161733642 0.00266842078418 0.316227766017 -0.948683298051 0.0 0.0316227766017 99 

b1 4.155186 -0.188122570515 0.00884830765426 0.0382556095719 0.0 -1.0 0.0 0.16 99 

b0 4.16775 -0.0452521704137 -0.0796690434217 4.73580360413 0.351123441588 0.0 0.936329177569 0.170880074906 98 

b1 4.187074 -0.188122570515 0.00884830765426 0.0382556095719 0.0 -1.0 0.0 0.16 99 

b0 4.194178 -0.0487152300775 -0.078632235527 4.7713766098 0.503871025524 0.0 0.863778900898 0.138924439894 98 

b1 4.200187 -0.188122570515 0.00884830765426 0.0382556095719 0.0 -1.0 0.0 0.16 99 

b0 4.207724 -0.0487152300775 -0.078632235527 4.7713766098 0.503871025524 0.0 0.863778900898 0.138924439894 98 

b1 4.224653 -0.211541607976 0.00998769514263 0.039833560586 0.0 -1.0 0.0 0.16 99 

b0 4.231612 -0.0500172525644 -0.0756684020162 4.80031204224 0.613940613515 0.0 0.789352217376 0.11401754251 98 

b1 4.239866 -0.211541607976 0.00998769514263 0.039833560586 0.0 -1.0 0.0 0.16 99 

b0 4.248451 -0.0500172525644 -0.0756684020162 4.80031204224 0.613940613515 0.0 0.789352217376 0.11401754251 98 

b1 4.256219 -0.211541607976 0.00998769514263 0.039833560586 0.0 -1.0 0.0 0.16 99 

b0 4.262648 -0.0500172525644 -0.0756684020162 4.80031204224 0.613940613515 0.0 0.789352217376 0.11401754251 98 

b1 4.268637 -0.211541607976 0.00998769514263 0.039833560586 0.0 -1.0 0.0 0.16 99 

b0 4.280519 -0.0449980385602 -0.0506502501667 4.81457328796 0.959885739445 0.278676505 0.0309640561111 0.322955105239 98 

b1 4.285453 -0.230512216687 0.0113430488855 0.0416707806289 0.0623782861552 -0.998052578483 0.0 0.160312195419 99 

b0 4.293345 -0.0449980385602 -0.0506502501667 4.81457328796 0.959885739445 0.278676505 0.0309640561111 0.322955105239 98 

b1 4.299848 -0.230512216687 0.0113430488855 0.0416707806289 0.0623782861552 -0.998052578483 0.0 0.160312195419 99 

b0 4.311262 0.00581438373774 0.0882820636034 4.81276845932 0.93756542015 0.345897921997 -0.0364103075786 1.09859000542 98 

b1 4.317595 -0.244869410992 0.0130340326577 0.0436709858477 0.0665190105238 -0.997785157857 0.0 0.150332963784 99 

b0 4.324177 0.00581438373774 0.0882820636034 4.81276845932 0.93756542015 0.345897921997 -0.0364103075786 1.09859000542 98 

b1 4.329753 -0.244869410992 0.0130340326577 0.0436709858477 0.0665190105238 -0.997785157857 0.0 0.150332963784 99 

b0 4.342316 0.14894656837 0.467834442854 4.79945468903 0.93678462097 0.348668715428 -0.0294057952771 2.38048314424 98 

b1 4.348614 -0.244869410992 0.0130340326577 0.0436709858477 0.0665190105238 -0.997785157857 0.0 0.150332963784 99 

b0 4.362059 0.14894656837 0.467834442854 4.79945468903 0.93678462097 0.348668715428 -0.0294057952771 2.38048314424 98 

b1 4.369397 -0.254409909248 0.0151596302167 0.0459230951965 0.0712470499879 -0.997458699831 0.0 0.140356688476 99 

b0 4.375976 0.14894656837 0.467834442854 4.79945468903 0.93678462097 0.348668715428 -0.0294057952771 2.38048314424 98 

b1 4.380947 -0.254409909248 0.0151596302167 0.0459230951965 0.0712470499879 -0.997458699831 0.0 0.140356688476 99 

b0 4.400659 0.397315770388 1.14770936966 4.78504943848 0.941249792825 0.337532724541 -0.0109766739688 3.64409110753 98 

b1 4.408561 -0.258883476257 0.0179956518114 0.0484578944743 0.151619608716 -0.985527456653 0.0758098043579 0.131909059583 99 

b0 4.415341 0.397315770388 1.14770936966 4.78504943848 0.941249792825 0.337532724541 -0.0109766739688 3.64409110753 98 

b1 4.420535 -0.258883476257 0.0179956518114 0.0484578944743 0.151619608716 -0.985527456653 0.0758098043579 0.131909059583 99 

b0 4.429389 0.727854967117 2.08238840103 4.77910852432 0.942624981171 0.333846347498 -0.00218200227123 4.58294665035 98 

b1 4.436189 -0.258883476257 0.0179956518114 0.0484578944743 0.151619608716 -0.985527456653 0.0758098043579 0.131909059583 99 

b0 4.442823 0.727854967117 2.08238840103 4.77910852432 0.942624981171 0.333846347498 -0.00218200227123 4.58294665035 98 

b1 4.457413 -0.258178085089 0.0214067921042 0.0511849373579 0.163846384104 -0.983078304623 0.0819231920519 0.122065556157 99 

b0 4.466743 0.727854967117 2.08238840103 4.77910852432 0.942624981171 0.333846347498 -0.00218200227123 4.58294665035 98 

b1 4.473507 -0.258178085089 0.0214067921042 0.0511849373579 0.163846384104 -0.983078304623 0.0819231920519 0.122065556157 99 

b0 4.48458 0.727854967117 2.08238840103 4.77910852432 0.942624981171 0.333846347498 -0.00218200227123 4.58294665035 98 

b1 4.491302 -0.252550959587 0.025371208787 0.0540072694421 0.286038776774 -0.953462589246 0.0953462589246 0.104880884817 99 

b0 4.500259 1.12258398533 3.19482374191 4.7824587822 0.941343974613 0.337426760757 0.00383439500861 5.21594670218 98 

b1 4.508038 -0.252550959587 0.025371208787 0.0540072694421 0.286038776774 -0.953462589246 0.0953462589246 0.104880884817 99 

b0 4.514262 1.12258398533 3.19482374191 4.7824587822 0.941343974613 0.337426760757 0.00383439500861 5.21594670218 98 

b1 4.520429 -0.252550959587 0.025371208787 0.0540072694421 0.286038776774 -0.953462589246 0.0953462589246 0.104880884817 99 

b0 4.531356 1.55917167664 4.41999006271 4.79251766205 0.941283060959 0.337575898522 0.00535834759559 5.59874092989 98 

b1 4.538322 -0.252550959587 0.025371208787 0.0540072694421 0.286038776774 -0.953462589246 0.0953462589246 0.104880884817 99 

b0 4.547075 1.55917167664 4.41999006271 4.79251766205 0.941283060959 0.337575898522 0.00535834759559 5.59874092989 98 

b1 4.557415 -0.242705985904 0.0299420505762 0.0570184588432 0.314485451017 -0.94345635305 0.104828483672 0.0953939201417 99 

b0 4.564268 2.01901531219 5.71367406845 4.80559921265 0.941758545659 0.336219808651 0.00686162874797 5.82951970577 98 

b1 4.570059 -0.242705985904 0.0299420505762 0.0570184588432 0.314485451017 -0.94345635305 0.104828483672 0.0953939201417 99 

b0 4.580678 2.01901531219 5.71367406845 4.80559921265 0.941758545659 0.336219808651 0.00686162874797 5.82951970577 98 

b1 4.585702 -0.229222223163 0.0349127016962 0.0601133853197 0.390566732942 -0.911322376866 0.130188910981 0.0768114574787 99 

b0 4.594078 2.01901531219 5.71367406845 4.80559921265 0.941758545659 0.336219808651 0.00686162874797 5.82951970577 98 

b1 4.602003 -0.229222223163 0.0349127016962 0.0601133853197 0.390566732942 -0.911322376866 0.130188910981 0.0768114574787 99 

b0 4.616859 2.48705554008 7.04808664322 4.81863546371 0.94420315938 0.329295052026 0.0067203071842 5.95210886997 98 

b1 4.622754 -0.229222223163 0.0349127016962 0.0601133853197 0.617213399848 -0.77151674981 0.154303349962 0.0648074069841 99 

b0 4.631218 2.48705554008 7.04808664322 4.81863546371 0.94420315938 0.329295052026 0.0067203071842 5.95210886997 98 

b1 4.640267 -0.212404206395 0.0399286076427 0.0631019696593 0.617213399848 -0.77151674981 0.154303349962 0.0648074069841 99 

b0 4.647459 2.95278310776 8.40861988068 4.82989740372 0.947326798626 0.320199776068 0.00663626478898 6.02748703856 98 

b1 4.653123 -0.212404206395 0.0399286076427 0.0631019696593 0.617213399848 -0.77151674981 0.154303349962 0.0648074069841 99 

b0 4.659397 2.95278310776 8.40861988068 4.82989740372 0.947326798626 0.320199776068 0.00663626478898 6.02748703856 98 

b1 4.670841 -0.193060845137 0.0449579767883 0.0660014003515 0.696310623823 -0.696310623823 0.174077655956 0.0574456264654 99 

b0 4.679407 2.95278310776 8.40861988068 4.82989740372 0.947326798626 0.320199776068 0.00663626478898 6.02748703856 98 

b1 4.686726 -0.193060845137 0.0449579767883 0.0660014003515 0.696310623823 -0.696310623823 0.174077655956 0.0574456264654 99 

b0 4.695367 2.95278310776 8.40861988068 4.82989740372 0.947326798626 0.320199776068 0.00663626478898 6.02748703856 98 

b1 4.704068 -0.193060845137 0.0449579767883 0.0660014003515 0.696310623823 -0.696310623823 0.174077655956 0.0574456264654 99 

b0 4.708615 3.40877771378 9.78938293457 4.84081983566 0.949969432816 0.312273688988 0.00657418292606 6.08440629807 98 

b1 4.715336 -0.193060845137 0.0449579767883 0.0660014003515 0.696310623823 -0.696310623823 0.174077655956 0.0574456264654 99 

b0 4.725793 3.40877771378 9.78938293457 4.84081983566 0.949969432816 0.312273688988 0.00657418292606 6.08440629807 98 

b1 4.730431 -0.171922564507 0.0500310622156 0.0687268078327 0.912870929175 -0.36514837167 0.182574185835 0.0547722557505 99 

b0 4.740131 3.40877771378 9.78938293457 4.84081983566 0.949969432816 0.312273688988 0.00657418292606 6.08440629807 98 

b1 4.74897 -0.171922564507 0.0500310622156 0.0687268078327 0.912870929175 -0.36514837167 0.182574185835 0.0547722557505 99 

b0 4.758467 3.86001944542 11.1868143082 4.85205793381 0.951250238548 0.308381295173 0.00489494119322 6.12877638685 98 

b1 4.765665 -0.171922564507 0.0500310622156 0.0687268078327 0.912870929175 -0.36514837167 0.182574185835 0.0547722557505 99 

b0 4.774665 3.86001944542 11.1868143082 4.85205793381 0.951250238548 0.308381295173 0.00489494119322 6.12877638685 98 

b1 4.789555 -0.149402171373 0.055022418499 0.0710527673364 0.980580675691 0.0 0.196116135138 0.0509901951359 99 

b0 4.796512 4.3167386055 12.5952348709 4.86071395874 0.949483990959 0.313798797693 0.00323503915148 6.18230539524 97 

b1 4.802812 -0.149402171373 0.055022418499 0.0710527673364 0.980580675691 0.0 0.196116135138 0.0509901951359 99 

b0 4.810784 4.3167386055 12.5952348709 4.86071395874 0.949483990959 0.313798797693 0.00323503915148 6.18230539524 97 

b1 4.81837 -0.126055315137 0.0596185587347 0.0728657469153 0.962250448649 0.19245008973 0.19245008973 0.0519615242271 99 

b0 4.827324 4.3167386055 12.5952348709 4.86071395874 0.949483990959 0.313798797693 0.00323503915148 6.18230539524 97 

b1 4.833561 -0.126055315137 0.0596185587347 0.0728657469153 0.962250448649 0.19245008973 0.19245008973 0.0519615242271 99 

b0 4.8488 4.78783655167 14.0139074326 4.8676533699 0.947226077891 0.320550280166 0.00320550280166 6.23927079073 97 

b1 4.853692 -0.102347299457 0.0634466782212 0.0744538828731 0.912870929175 0.36514837167 0.182574185835 0.0547722557505 99 

b0 4.859692 4.78783655167 14.0139074326 4.8676533699 0.947226077891 0.320550280166 0.00320550280166 6.23927079073 97 

b1 4.8675 -0.102347299457 0.0634466782212 0.0744538828731 0.912870929175 0.36514837167 0.182574185835 0.0547722557505 99 

b0 4.880324 5.27060985565 15.4332180023 4.87459421158 0.945248446715 0.326335773271 0.00321513077114 6.22058678904 97 

b1 4.887706 -0.102347299457 0.0634466782212 0.0744538828731 0.912870929175 0.36514837167 0.182574185835 0.0547722557505 99 

b0 4.895424 5.27060985565 15.4332180023 4.87459421158 0.945248446715 0.326335773271 0.00321513077114 6.22058678904 97 

b1 4.900285 -0.0793136507273 0.0664445236325 0.0757535025477 0.780868809443 0.624695047554 0.0 0.0640312423743 99 

b0 4.907017 5.27060985565 15.4332180023 4.87459421158 0.945248446715 0.326335773271 0.00321513077114 6.22058678904 97 

b1 4.911855 -0.0793136507273 0.0664445236325 0.0757535025477 0.780868809443 0.624695047554 0.0 0.0640312423743 99 

b0 4.918414 5.27060985565 15.4332180023 4.87459421158 0.945248446715 0.326335773271 0.00321513077114 6.22058678904 97 

b1 4.930567 -0.0793136507273 0.0664445236325 0.0757535025477 0.780868809443 0.624695047554 0.0 0.0640312423743 99 

b0 4.936288 5.75883579254 16.8399906158 4.88264083862 0.944177088229 0.329402023872 0.00489210926543 6.13232419234 97 

b1 4.942022 -0.0793136507273 0.0664445236325 0.0757535025477 0.780868809443 0.624695047554 0.0 0.0640312423743 99 

b0 4.951551 5.75883579254 16.8399906158 4.88264083862 0.944177088229 0.329402023872 0.00489210926543 6.13232419234 97 

b1 4.960249 -0.0573134161532 0.0686392709613 0.0764509811997 0.707106781187 0.707106781187 0.0 0.0707106781187 99 

b0 4.965735 6.24495983124 18.221830368 4.8918633461 0.943742970724 0.330642343616 0.00498455794396 6.01858787424 97 

b1 4.971935 -0.0573134161532 0.0686392709613 0.0764509811997 0.707106781187 0.707106781187 0.0 0.0707106781187 99 

b0 4.983798 6.24495983124 18.221830368 4.8918633461 0.943742970724 0.330642343616 0.00498455794396 6.01858787424 97 

b1 4.99149 -0.0573134161532 0.0686392709613 0.0764509811997 0.707106781187 0.707106781187 0.0 0.0707106781187 99 

b0 4.999191 6.72150945663 19.5745220184 4.90057373047 0.944163363142 0.329438295773 0.00509440663566 5.88881142507 97 

b1 5.010944 -0.0363979078829 0.0700012221932 0.076901383698 0.640184399664 0.768221279597 0.0 0.0781024967591 99 

b0 5.03264 6.72150945663 19.5745220184 4.90057373047 0.944163363142 0.329438295773 0.00509440663566 5.88881142507 97 

b1 5.037215 -0.0363979078829 0.0700012221932 0.076901383698 0.640184399664 0.768221279597 0.0 0.0781024967591 99 

b0 5.063573 7.18492889404 20.8998203278 4.90896844864 0.945145495917 0.32663116403 0.00347479961734 5.75572758216 97 

b1 5.065465 -0.0172426793724 0.0702591985464 0.0770666450262 0.581238193719 0.813733471207 0.0 0.0860232526704 99 

b0 5.072105 7.18492889404 20.8998203278 4.90896844864 0.945145495917 0.32663116403 0.00347479961734 5.75572758216 97 

b1 5.087792 -0.000413322995882 0.0695742145181 0.0767961516976 0.496138938357 0.868243142124 0.0 0.080622577483 99 

b0 5.100561 7.63325834274 22.1996097565 4.91531658173 0.947061613461 0.321007775349 0.00532057086214 5.63849270639 97 

b1 5.107719 -0.000413322995882 0.0695742145181 0.0767961516976 0.496138938357 0.868243142124 0.0 0.080622577483 99 

b0 5.114933 7.63325834274 22.1996097565 4.91531658173 0.947061613461 0.321007775349 0.00532057086214 5.63849270639 97 

b1 5.120728 -0.000413322995882 0.0695742145181 0.0767961516976 0.496138938357 0.868243142124 0.0 0.080622577483 99 

b0 5.126876 7.63325834274 22.1996097565 4.91531658173 0.947061613461 0.321007775349 0.00532057086214 5.63849270639 97 

b1 5.133462 -0.000413322995882 0.0695742145181 0.0767961516976 0.496138938357 0.868243142124 0.0 0.080622577483 99 

b0 5.149365 7.63325834274 22.1996097565 4.91531658173 0.947061613461 0.321007775349 0.00532057086214 5.63849270639 97 

b1 5.15474 0.0139901237562 0.067889213562 0.0761727169156 0.496138938357 0.868243142124 0.0 0.080622577483 99 

b0 5.163356 8.07168292999 23.474023819 4.92276000977 0.9468546401 0.321641461713 0.00361394900802 5.53411239496 97 

b1 5.172648 0.0139901237562 0.067889213562 0.0761727169156 0.496138938357 0.868243142124 0.0 0.080622577483 99 

b0 5.182563 8.07168292999 23.474023819 4.92276000977 0.9468546401 0.321641461713 0.00361394900802 5.53411239496 97 

b1 5.193135 0.0261702761054 0.0652688294649 0.0752088725567 0.351123441588 0.936329177569 0.0 0.0854400374532 99 

b0 5.200135 8.51173496246 24.7242546082 4.92793035507 0.944366421146 0.32887468752 0.00367457751419 5.4428025869 97 

b1 5.208063 0.0261702761054 0.0652688294649 0.0752088725567 0.351123441588 0.936329177569 0.0 0.0854400374532 99 

b0 5.214921 8.51173496246 24.7242546082 4.92793035507 0.944366421146 0.32887468752 0.00367457751419 5.4428025869 97 

b1 5.221275 0.0261702761054 0.0652688294649 0.0752088725567 0.351123441588 0.936329177569 0.0 0.0854400374532 99 

b0 5.228605 8.51173496246 24.7242546082 4.92793035507 0.944366421146 0.32887468752 0.00367457751419 5.4428025869 97 

b1 5.236031 0.0261702761054 0.0652688294649 0.0752088725567 0.351123441588 0.936329177569 0.0 0.0854400374532 99 

b0 5.250046 8.95631122589 25.9556102753 4.93366956711 0.942572066388 0.333982228248 0.0037109136472 5.38950832637 97 

b1 5.255319 0.036289755255 0.0617650561035 0.0738292485476 0.351123441588 0.936329177569 0.0 0.0854400374532 99 

b0 5.262002 8.95631122589 25.9556102753 4.93366956711 0.942572066388 0.333982228248 0.0037109136472 5.38950832637 97 

b1 5.269676 0.036289755255 0.0617650561035 0.0738292485476 0.351123441588 0.936329177569 0.0 0.0854400374532 99 

b0 5.279056 9.40112686157 27.1709938049 4.93915271759 0.943880960551 0.330264511048 0.00375300580736 5.32906183113 97 

b1 5.287273 0.036289755255 0.0617650561035 0.0738292485476 0.351123441588 0.936329177569 0.0 0.0854400374532 99 

b0 5.294753 9.40112686157 27.1709938049 4.93915271759 0.943880960551 0.330264511048 0.00375300580736 5.32906183113 97 

b1 5.303402 0.0442379079759 0.057491146028 0.0721974223852 0.274721127897 0.961523947641 0.0 0.0728010988928 99 

b0 5.310205 9.40112686157 27.1709938049 4.93915271759 0.943880960551 0.330264511048 0.00375300580736 5.32906183113 97 

b1 5.315448 0.0442379079759 0.057491146028 0.0721974223852 0.274721127897 0.961523947641 0.0 0.0728010988928 99 

b0 5.33266 9.40112686157 27.1709938049 4.93915271759 0.943880960551 0.330264511048 0.00375300580736 5.32906183113 97 

b1 5.343924 0.0499141812325 0.0524532534182 0.0702779889107 0.274721127897 0.961523947641 0.0 0.0728010988928 99 

b0 5.355304 9.83316230774 28.3785076141 4.94416284561 0.946192790011 0.323597934184 0.00189238558002 5.28433534137 97 

b1 5.361718 0.0499141812325 0.0524532534182 0.0702779889107 0.274721127897 0.961523947641 0.0 0.0728010988928 99 

b0 5.36958 9.83316230774 28.3785076141 4.94416284561 0.946192790011 0.323597934184 0.00189238558002 5.28433534137 97 

b1 5.375053 0.0499141812325 0.0524532534182 0.0702779889107 0.274721127897 0.961523947641 0.0 0.0728010988928 99 

b0 5.38134 9.83316230774 28.3785076141 4.94416284561 0.946192790011 0.323597934184 0.00189238558002 5.28433534137 97 

b1 5.386941 0.0499141812325 0.0524532534182 0.0702779889107 0.274721127897 0.961523947641 0.0 0.0728010988928 99 

b0 5.399572 10.2578830719 29.5738697052 4.9497089386 0.946157043178 0.323685304245 0.00383059531651 5.22112056938 97 

b1 5.40599 0.0534559637308 0.0468104742467 0.0680206492543 0.141421356237 0.989949493661 0.0 0.0707106781187 99 

b0 5.412745 10.2578830719 29.5738697052 4.9497089386 0.946157043178 0.323685304245 0.00383059531651 5.22112056938 97 

b1 5.420358 0.0534559637308 0.0468104742467 0.0680206492543 0.141421356237 0.989949493661 0.0 0.0707106781187 99 

b0 5.429915 10.6757116318 30.7488613129 4.95559167862 0.947692455994 0.319160889105 0.0039160845289 5.10714205794 97 

b1 5.436847 0.0534559637308 0.0468104742467 0.0680206492543 0.141421356237 0.989949493661 0.0 0.0707106781187 99 

b0 5.443338 10.6757116318 30.7488613129 4.95559167862 0.947692455994 0.319160889105 0.0039160845289 5.10714205794 97 

b1 5.45971 0.055154569447 0.0405684374273 0.0653036534786 0.0 1.0 0.0 0.06 99 

b0 5.472329 11.0616579056 31.8951721191 4.96075820923 0.959715850074 0.280942460385 0.00410134978664 4.87644337607 97 

b1 5.479505 0.055154569447 0.0405684374273 0.0653036534786 0.0 1.0 0.0 0.06 99 

b0 5.4876 11.0616579056 31.8951721191 4.96075820923 0.959715850074 0.280942460385 0.00410134978664 4.87644337607 97 

b1 5.499353 0.0551449730992 0.0338880382478 0.0623122602701 0.0 1.0 0.0 0.05 99 

b0 5.5062 11.0616579056 31.8951721191 4.96075820923 0.959715850074 0.280942460385 0.00410134978664 4.87644337607 97 

b1 5.512255 0.0551449730992 0.0338880382478 0.0623122602701 0.0 1.0 0.0 0.05 99 

b0 5.529924 11.3270359039 32.9825935364 4.96345233917 0.990967956973 0.134098874911 0.0 4.3997386286 97 

b1 5.537323 0.0551449730992 0.0338880382478 0.0623122602701 0.0 1.0 0.0 0.05 99 

b0 5.544199 11.3270359039 32.9825935364 4.96345233917 0.990967956973 0.134098874911 0.0 4.3997386286 97 

b1 5.550002 0.0551449730992 0.0338880382478 0.0623122602701 0.0 1.0 0.0 0.05 99 

b0 5.560651 11.3433074951 33.973361969 4.95584630966 0.986383548422 -0.163976804725 -0.0126136003635 3.96397527742 97 

b1 5.565897 0.0536547228694 0.0268145184964 0.0590379424393 0.0 1.0 0.0 0.04 99 

b0 5.572526 11.3433074951 33.973361969 4.95584630966 0.986383548422 -0.163976804725 -0.0126136003635 3.96397527742 97 

b1 5.57918 0.0536547228694 0.0268145184964 0.0590379424393 0.0 1.0 0.0 0.04 99 

b0 5.592574 11.3433074951 33.973361969 4.95584630966 0.986383548422 -0.163976804725 -0.0126136003635 3.96397527742 97 

b1 5.598456 0.0509426593781 0.0194354951382 0.0554807037115 -0.301511344578 0.904534033733 -0.301511344578 0.0331662479036 99 

b0 5.607462 11.3433074951 33.973361969 4.95584630966 0.986383548422 -0.163976804725 -0.0126136003635 3.96397527742 97 

b1 5.618855 0.0509426593781 0.0194354951382 0.0554807037115 -0.301511344578 0.904534033733 -0.301511344578 0.0331662479036 99 

b0 5.626889 11.0261869431 34.853515625 4.93853187561 0.855168952972 -0.51805887296 -0.0173512541183 4.03429052003 96 

b1 5.632546 0.0509426593781 0.0194354951382 0.0554807037115 -0.301511344578 0.904534033733 -0.301511344578 0.0331662479036 99 

b0 5.649755 10.3745222092 35.6247329712 4.92197608948 0.66405068169 -0.747606727731 -0.0109942165843 4.54784564382 96 

b1 5.656695 0.04733857885 0.0119809648022 0.0516887456179 -0.301511344578 0.904534033733 -0.301511344578 0.0331662479036 99 

b0 5.666847 10.3745222092 35.6247329712 4.92197608948 0.66405068169 -0.747606727731 -0.0109942165843 4.54784564382 96 

b1 5.672206 0.04733857885 0.0119809648022 0.0516887456179 -0.301511344578 0.904534033733 -0.301511344578 0.0331662479036 99 

b0 5.680226 10.3745222092 35.6247329712 4.92197608948 0.66405068169 -0.747606727731 -0.0109942165843 4.54784564382 96 

b1 5.68704 0.0428391285241 0.0048192483373 0.0478746071458 -0.666666666667 0.666666666667 -0.333333333333 0.03 99 

b0 5.693528 10.3745222092 35.6247329712 4.92197608948 0.66405068169 -0.747606727731 -0.0109942165843 4.54784564382 96 

b1 5.699479 0.0428391285241 0.0048192483373 0.0478746071458 -0.666666666667 0.666666666667 -0.333333333333 0.03 99 

b0 5.709687 9.44391536713 36.2949485779 4.914727211 0.512780887944 -0.858519516936 0.0 5.14839780903 96 

b1 5.716772 0.0428391285241 0.0048192483373 0.0478746071458 -0.666666666667 0.666666666667 -0.333333333333 0.03 99 

b0 5.724345 9.44391536713 36.2949485779 4.914727211 0.512780887944 -0.858519516936 0.0 5.14839780903 96 

b1 5.739983 0.0375224351883 -0.00214334437624 0.0440278686583 -0.816496580928 0.408248290464 -0.408248290464 0.0244948974278 99 

b0 5.747211 9.44391536713 36.2949485779 4.914727211 0.512780887944 -0.858519516936 0.0 5.14839780903 96 

b1 5.753547 0.0375224351883 -0.00214334437624 0.0440278686583 -0.816496580928 0.408248290464 -0.408248290464 0.0244948974278 99 

b0 5.760892 9.44391536713 36.2949485779 4.914727211 0.512780887944 -0.858519516936 0.0 5.14839780903 96 

b1 5.775684 0.0375224351883 -0.00214334437624 0.0440278686583 -0.816496580928 0.408248290464 -0.408248290464 0.0244948974278 99 

b0 5.782325 8.31238937378 36.8783035278 4.91796159744 0.416218112906 -0.909249010596 0.00535903149664 5.59802643795 96 

b1 5.788017 0.0375224351883 -0.00214334437624 0.0440278686583 -0.816496580928 0.408248290464 -0.408248290464 0.0244948974278 99 

b0 5.799825 7.05664730072 37.3993530273 4.92558145523 0.361132123122 -0.932500787405 0.0050863679313 5.89811834401 96 

b1 5.805059 0.0375224351883 -0.00214334437624 0.0440278686583 0.0 0.0 0.0 0.0 99 

b0 5.814331 7.05664730072 37.3993530273 4.92558145523 0.361132123122 -0.932500787405 0.0050863679313 5.89811834401 96 

b1 5.822092 0.0375224351883 -0.00214334437624 0.0440278686583 0.0 0.0 0.0 0.0 99 

b0 5.832509 7.05664730072 37.3993530273 4.92558145523 0.361132123122 -0.932500787405 0.0050863679313 5.89811834401 96 

b1 5.838271 0.0375224351883 -0.00214334437624 0.0440278686583 0.0 -1.0 0.0 0.01 99 

b0 5.845121 7.05664730072 37.3993530273 4.92558145523 0.361132123122 -0.932500787405 0.0050863679313 5.89811834401 96 

b1 5.853743 0.0375224351883 -0.00214334437624 0.0440278686583 0.0 -1.0 0.0 0.01 99 

