b0 15.042957 -0.0144161330536 -0.0281849019229 1.32464289665 0.036118373294 0.0120394577647 0.999274994467 1.66120438237 99

b1 15.558566 -0.00828935205936 -0.017022093758 1.32887136936 0.036118373294 0.0120394577647 0.999274994467 1.66120438237 99

b0 15.745616 4.25883769989 11.7021760941 4.95102930069 0.948028589851 0.318185154941 0.0 6.12850715917 96

b1 15.920667 -10.7364454269 -1.59895789623 9.47175216675 -0.105376810377 -0.993552783552 0.041816194594 5.97854497349 98

b0 16.088642 8.56921195984 23.9543266296 4.96878004074 0.964919613323 0.262539965462 0.00170480497053 5.86577360627 95

b1 16.286697 -25.7969741821 -3.18052101135 9.89881420135 -0.133035077826 -0.991111329805 0.0 6.0134515879 96

b0 16.46195 12.3522529602 37.2528038025 4.97880363464 0.966594088405 0.256306578035 0.00167520639238 5.96941370655 93

b1 16.617296 -38.1357917786 -4.7651553154 9.9151725769 -0.112644185135 -0.993622588282 0.00504376948367 5.94793241387 95

b0 16.824222 10.8614044189 31.5216560364 4.9859662056 -0.959294090577 -0.282409007974 0.0 6.69242108657 92

b1 16.991875 -33.487991333 -5.24345159531 9.92983722687 0.00453159280195 0.999971478297 0.00604212373593 6.62018881906 93

b0 17.183827 -0.387359827757 34.1063117981 4.99317169189 0.589631537035 -0.807672365835 0.0 6.51254174651 91

b1 17.414367 -30.4257335663 -15.102350235 9.96127223969 -0.967727463089 -0.251980154127 0.00309178103223 6.46876340578 92

b0 17.591832 -10.3888902664 42.5700378418 5.00657224655 0.641536799883 -0.767092259377 0.0 5.81416374038 89

b1 17.764001 -35.4951324463 -29.5670986176 9.99003791809 -0.935623077106 -0.353000648139 0.0 5.83568333617 90

b0 17.941503 -22.4504489899 53.2337608337 4.99118566513 0.66002953707 -0.751239648977 0.0 6.0300331674 88

b1 18.096926 -41.2573204041 -44.1193618774 10.0065507889 -0.927904222503 -0.372818660827 0.0 6.03510563288 89

b0 18.263981 -18.5480594635 49.1294631958 4.9486413002 -0.713168576956 0.700977661111 0.00457159344203 6.56226332907 86

b1 18.431246 -39.0868453979 -38.6066856384 9.99365997314 0.932116046577 0.362159737842 0.0 6.73735853284 88

b0 18.610325 -19.0514678955 36.4778327942 4.95316553116 -0.878249659024 -0.478158147691 0.00650555302981 6.14859333506 85

b1 18.812501 -27.1893634796 -31.8792209625 9.99501895905 0.140957011701 0.990015717477 0.0 6.03020729329 86

b0 18.982915 -27.5597572327 23.2119693756 4.97548341751 -0.842479942754 -0.538717254231 0.00335649379583 5.95859882858 84

b1 19.181672 -12.1190156937 -30.9236316681 9.98110198975 0.0503561301567 0.998729914775 0.00167853767189 5.95756661734 85

b0 19.384566 -36.3225288391 9.99163150787 5.00530433655 -0.833563695479 -0.552420910613 -0.00164410985302 6.08231863684 82

b1 19.561569 2.77446842194 -30.2553787231 9.9648065567 0.0420500774845 0.999109841031 0.00336400619876 5.94529225522 83

b0 19.783025 -43.9768180847 -0.555128157139 5.00851964951 -0.797970751667 -0.602686770246 -0.00336696519691 5.94006733969 81

b1 19.9813 17.8349113464 -28.8337478638 9.95894527435 0.12670010583 0.991928460113 0.00500131996695 5.9984164577 82

b0 20.161367 -41.0629920959 4.32388925552 4.99655294418 0.836578135118 0.547847628307 0.0 6.75370268816 79

b1 20.319808 11.1994037628 -29.7335338593 9.96172142029 -0.13226047672 -0.991210539012 0.00297214554426 6.7291455624 80

b0 20.482529 -29.3200912476 8.74538230896 5.00521469116 0.0201978990228 0.99979600163 0.0 5.94121199756 78

b1 20.640015 15.1336450577 -25.0627040863 10.0013132095 0.550883410558 0.834580861772 -0.00150104471542 6.66202671865 79

b0 20.806218 -24.0252246857 8.49494743347 5.05092144012 0.0 -0.478852130681 0.877895572914 0.125299640861 77

b1 20.970032 28.1821250916 -16.5377521515 10.0192842484 0.5472002526 0.836994778899 -0.00340934736823 5.86622536219 78

b0 21.169415 -23.8984127045 8.46919059753 14.3776655197 -0.1391847633 0.442860610501 0.885721221001 0.790316392339 75

b1 21.345835 40.3667106628 -9.12957191467 10.0057420731 0.505545782372 0.862798135248 -0.00168515260791 5.93418065111 76

b0 21.517618 -9.18199729919 3.20196723938 14.9930315018 -0.329148402958 0.944278205208 0.0 3.70653476984 74

b1 21.672705 35.533996582 -12.7470960617 9.98337936401 -0.551942565224 -0.833880794488 0.00149173666277 6.70359604988 75

b0 21.875774 -0.296688228846 0.10295920074 12.7378416061 -0.0132366181319 0.0330915453298 -0.999364668961 1.51095995976 72

b1 22.066821 32.8426322937 -14.548160553 10.0294885635 0.704934404989 0.704934404989 0.0783260449988 0.255342906696 73

b1 22.250718 32.7176856995 -14.6214551926 9.10600566864 0.267261241912 0.0534522483825 -0.962140470885 0.374165738677 73

b0 22.451515 -0.0116589767858 -0.0449636057019 5.34552335739 0.105573608883 0.0633441653297 -0.992391923499 0.473603209449 71

b0 22.647829 -0.011572888121 -0.0418741926551 3.80771613121 0.0598446057755 0.0398964038504 -0.997410096259 0.50129831438 70

b1 22.844353 32.8526802063 -14.5093412399 4.74582290649 0.124008239932 0.0206680399887 -0.992065919459 0.483838816136 71

b1 23.009124 32.8538360596 -14.4941387177 3.18578505516 0.124008239932 0.0206680399887 -0.992065919459 0.483838816136 70

b0 23.178945 -0.0191462915391 -0.0170724634081 -0.707461297512 0.0192236612027 0.0192236612027 -0.999630382541 0.520192272146 68

b0 2.176215 -0.290604889393 0.0314038582146 1.72407901287 -0.00575568763092 -0.0920910020947 0.995733960149 1.73741186827 99

b1 2.62444 -0.557961642742 0.0296601802111 1.43085312843 0.0 -0.179429887708 0.983770763642 1.61623018163 99

b0 2.798404 3.27142190933 9.95128822327 5.03852987289 0.945175907121 0.326545148467 0.00328186078862 6.09410370768 96

b1 2.980391 -11.4831171036 -1.44122314453 9.5526638031 -0.149361187444 -0.987443405882 0.0514466312308 6.02566178938 98

b0 3.153574 8.20215702057 24.1382522583 5.07809782028 0.954656865001 0.297688699839 0.00342170919355 5.84503207861 95

b1 3.320873 -26.1448173523 -3.62838554382 10.0691070557 -0.114752611027 -0.993380811876 0.00513817661315 5.83864710357 96

b0 3.483708 12.9678277969 38.5289764404 5.08639383316 0.951598840906 0.30733848575 0.00164352131417 6.08449669241 93

b1 3.645119 -40.588180542 -5.31646680832 10.0639944077 -0.122624507806 -0.992441016511 0.00490498031225 6.11623250049 95

b0 3.817464 11.0672340393 32.0889625549 5.07800769806 -0.972724782624 -0.231957448164 0.00149649966557 6.6822600967 92

b1 3.972065 -33.5659332275 -3.9406504631 10.0992383957 0.156950770116 0.987605317616 0.0014806676426 6.7537100915 93

b0 4.127096 1.69041311741 31.9969425201 5.08049440384 0.561155576912 -0.827704475946 0.00311753098285 6.41533319478 91

b1 4.304695 -31.2148571014 -13.9779701233 10.1380081177 -0.975132855791 -0.221621103589 0.0 6.54269822015 92

b0 4.49201 -10.6877336502 42.3709068298 5.09737443924 0.685987684331 -0.727613150614 0.0 6.00593872763 89

b1 4.680159 -35.8017463684 -29.1089401245 10.1533231735 -0.960884106345 -0.276950779333 0.0 5.92162984321 90

b0 4.847453 -21.2571086884 51.8523712158 5.10516405106 0.674665237811 -0.738123849289 0.0 5.98815497461 88

b1 5.021872 -40.7030029297 -42.2739830017 10.1522569656 -0.933345606203 -0.358979079309 0.0 5.98920695919 89

b0 5.178045 -29.0039100647 45.1381988525 5.10221481323 -0.942236646023 -0.334947910713 0.0 6.38905313799 86

b1 5.341245 -39.2845153809 -36.7639465332 10.1195650101 0.946868756933 0.321606291849 0.00299168643581 6.68519259259 88

b0 5.541096 -33.0688018799 31.01978302 5.10273838043 -0.974447947265 -0.224606796355 0.00172774458735 5.78789253528 85

b1 5.717436 -28.1423625946 -30.2464199066 10.1313943863 0.0882822180133 0.996089931546 0.00333140445333 6.00347399428 86

b0 5.874949 -36.5872459412 16.2693099976 5.93676710129 -0.942987929164 -0.229629795126 0.240923063739 5.31289939675 83

b1 6.081697 -10.8082075119 -29.8068389893 10.1422815323 0.0182088761222 0.999832834347 0.00165535237475 6.04100984935 85

b0 6.249006 -35.6890678406 11.368188858 14.9922552109 -0.0323355473163 0.995934857341 0.0840724230223 1.54628587266 82

b1 6.417889 3.45991849899 -29.7380046844 10.1533317566 -0.00166389120754 0.999998615732 0.0 6.01000831946 83

b0 6.594243 -16.4575614929 5.81713056564 15.099814415 -0.312775113474 0.949824425477 0.00229981701084 4.34817202972 81

b1 6.73845 17.2426681519 -29.7146549225 10.1547117233 -0.00334446290056 0.999994407268 0.0 5.98003344472 82

b0 6.932219 0.622881293297 -0.609871983528 15.1040048599 0.213696878805 0.976900017396 0.0 0.327566787083 79

b1 7.131808 22.3687553406 -29.7878265381 10.5573577881 0.0260709443181 -0.208567554545 0.977660411929 0.76713753656 81

b0 7.40289 0.0241346824914 -0.0837603881955 11.9570140839 0.136994725028 -0.104376933355 -0.985057308535 1.53290573748 78

b1 7.602758 18.622013092 -24.9730968475 15.1615047455 0.797087402809 -0.603854093037 0.00345059481736 2.89805106925 79

b0 7.808951 0.133654117584 -0.0402415879071 6.74755811691 0.114249450374 -0.209457325686 -0.971120328181 0.52516664022 77

b1 7.982754 4.55852937698 -6.13576745987 15.154466629 0.802462340946 -0.596702766345 0.0 3.88803292167 78

b0 8.15541 0.0808662250638 -0.153590634465 3.63417077065 0.203390071949 -0.184900065408 -0.961480340124 0.54083269132 76

b1 8.343931 -0.419334620237 0.649277329445 15.1491794586 -0.880830329272 0.469776175612 0.0587220219515 0.170293863659 76

b0 8.537455 0.117833800614 -0.122947655618 0.627644062042 0.223258228874 -0.223258228874 -0.948847472716 0.537494186015 74

b1 8.705339 0.0680551528931 -0.0881726741791 8.91195011139 0.0 0.0 -1.0 1.17 75

b0 5.039396 -0.00439196638763 -0.0035953365732 1.164970994 0.00628905941478 0.00628905941478 0.999960446949 1.59006289184 99

b1 5.490577 -0.0272987857461 -0.00627425871789 1.33994376659 0.0240893929751 0.0 0.999709808467 1.66048185778 99

b0 5.678809 4.10005044937 11.4451732635 4.9451713562 0.947701758077 0.319157293098 0.0 6.14117252648 96

b1 5.831805 -11.1009588242 -1.40345275402 9.53390312195 -0.110369744813 -0.993327703315 0.033445377216 5.97989966471 97

b0 6.008251 4.70326709747 12.3891305923 10.4560775757 0.211827532309 0.00481426209793 0.97729520588 2.07716152477 95

b1 6.172347 -25.2534122467 -3.19260859489 9.87384033203 -0.124656521034 -0.99219852553 0.00168454758154 5.93631198641 96

b0 6.353234 3.56267642975 10.18247509 15.0120315552 -0.942053410439 -0.335462921766 0.0 2.17609742429 93

b1 6.521591 -39.6411323547 -4.88960313797 9.91982841492 -0.10564359859 -0.994391332757 0.00503064755189 5.96344698979 95

b0 6.721821 -0.193628311157 -0.489805489779 14.9924879074 -0.981022943176 -0.183941801845 0.0613139339485 0.163095064303 92

b1 6.888206 -32.5114326477 -5.12325525284 9.94341468811 -0.00299845694133 0.999985389934 0.004497685412 6.67009745056 93

b0 7.076932 0.0467196516693 -0.107844032347 11.1782846451 0.133035077826 0.0 -0.991111329805 1.50336289697 91

b1 7.265646 -29.183177948 -5.50224542618 13.2560777664 0.0568613361524 -0.170584008457 0.983701115436 1.75866426586 92

b0 7.445652 0.0603746883571 -0.157704651356 6.17594432831 0.296805659396 -0.129852475986 -0.946068039324 0.539073278878 90

b1 7.633809 -17.9013748169 -3.21837687492 15.0022068024 0.181507175103 0.983389620337 0.0 3.69131412914 90

b0 7.810791 0.0717732235789 -0.160592377186 3.188788414 0.291681502732 -0.127610657445 -0.94796488388 0.548543526076 88

b1 7.983728 0.405787616968 0.0651511251926 14.981584549 0.164398987305 0.986393923832 0.0 0.486621002424 89

b0 8.147888 0.0788474529982 -0.159343093634 0.180448442698 0.274870993613 -0.128273130353 -0.952886111191 0.545710545986 87

b1 8.334064 0.0679875016212 -0.0285133253783 12.8014507294 0.00645860623203 -0.103337699713 -0.994625359733 1.548321672 88

b0 8.505059 0.0984008163214 -0.145094186068 -1.46383178234 0.697876565224 -0.697876565224 0.161048438129 0.186279360102 86

b1 8.672744 -0.0181665830314 -0.0214033145458 6.82351732254 0.0391855666954 0.0 -0.999231950732 0.510392006207 87

b0 8.851071 0.0984008163214 -0.145094186068 -1.46383178234 0.626128384156 -0.743527456185 0.234798144058 0.255538646784 86

b1 9.066832 0.0645086616278 -0.0418458394706 3.95316100121 0.0575541223258 -0.0383694148838 -0.99760478698 0.521248501197 85

b0 9.266578 0.0984008163214 -0.145094186068 -1.46383178234 0.73165291302 -0.670681836935 0.12194215217 0.164012194669 86

b1 9.457335 -0.00522335339338 -0.0557713583112 0.825018882751 0.0781912453186 0.0 -0.996938377813 0.511566222497 84

b0 9.613581 0.0984008163214 -0.145094186068 -1.46383178234 0.8 -0.6 0.0 0.15 86

b1 9.778591 0.0158220119774 -0.0444257855415 -1.41222333908 0.801783725737 -0.534522483825 0.267261241912 0.0374165738677 83

b0 9.937822 0.0984008163214 -0.145094186068 -1.46383178234 0.863778900898 -0.503871025524 0.0 0.138924439894 86

b1 10.095779 0.0158220119774 -0.0444257855415 -1.41222333908 0.650791373456 0.0 0.759256602365 0.0921954445729 83

b0 10.269632 0.0984008163214 -0.145094186068 -1.46383178234 0.894427191 -0.4472135955 0.0 0.13416407865 86

b1 10.449007 0.0158220119774 -0.0444257855415 -1.41222333908 0.727606875109 0.485071250073 0.485071250073 0.0412310562562 83

b0 10.648193 0.0984008163214 -0.145094186068 -1.46383178234 0.910366477463 -0.413802944301 0.0 0.120830459736 86

b1 10.825633 0.0158220119774 -0.0444257855415 -1.41222333908 0.948683298051 0.316227766017 0.0 0.0316227766017 83

b0 10.994752 0.0984008163214 -0.145094186068 -1.46383178234 0.939793423488 -0.341743063087 0.0 0.117046999107 86

b1 11.164611 0.0158220119774 -0.0444257855415 -1.41222333908 0.948683298051 0.316227766017 0.0 0.0316227766017 83

b0 11.35019 0.0984008163214 -0.145094186068 -1.46383178234 0.964763821238 -0.263117405792 0.0 0.11401754251 86

b1 11.591503 0.0158220119774 -0.0444257855415 -1.41222333908 1.0 0.0 0.0 0.03 83

b0 11.783523 0.0984008163214 -0.145094186068 -1.46383178234 0.964763821238 -0.263117405792 0.0 0.11401754251 86

b1 11.946595 0.0158220119774 -0.0444257855415 -1.41222333908 1.0 0.0 0.0 0.02 83

b0 12.107967 0.0984008163214 -0.145094186068 -1.46383178234 0.964763821238 -0.263117405792 0.0 0.11401754251 86

b1 12.281456 0.0158220119774 -0.0444257855415 -1.41222333908 1.0 0.0 0.0 0.02 83

b0 12.47238 0.0984008163214 -0.145094186068 -1.46383178234 0.964763821238 -0.263117405792 0.0 0.11401754251 86

b1 12.662619 0.0158220119774 -0.0444257855415 -1.41222333908 1.0 0.0 0.0 0.02 83

b0 12.841478 0.0984008163214 -0.145094186068 -1.46383178234 0.964763821238 -0.263117405792 0.0 0.11401754251 86

b1 13.035449 0.0158220119774 -0.0444257855415 -1.41222333908 1.0 0.0 0.0 0.02 83

b0 13.220074 0.0984008163214 -0.145094186068 -1.46383178234 0.964763821238 -0.263117405792 0.0 0.11401754251 86

b1 13.378069 0.0158220119774 -0.0444257855415 -1.41222333908 1.0 0.0 0.0 0.02 83

b0 13.594373 0.0984008163214 -0.145094186068 -1.46383178234 0.964763821238 -0.263117405792 0.0 0.11401754251 86

b1 13.798185 0.0158220119774 -0.0444257855415 -1.41222333908 1.0 0.0 0.0 0.02 83

b0 13.998277 0.0984008163214 -0.145094186068 -1.46383178234 0.964763821238 -0.263117405792 0.0 0.11401754251 86

b1 14.170105 0.0158220119774 -0.0444257855415 -1.41222333908 1.0 0.0 0.0 0.02 83

b0 14.344515 0.0984008163214 -0.145094186068 -1.46383178234 0.957826285221 -0.287347885566 0.0 0.104403065089 86

b1 14.528055 0.0158220119774 -0.0444257855415 -1.41222333908 1.0 0.0 0.0 0.02 83

b0 14.699203 0.0984008163214 -0.145094186068 -1.46383178234 0.957826285221 -0.287347885566 0.0 0.104403065089 86

b1 14.885023 0.0158220119774 -0.0444257855415 -1.41222333908 1.0 0.0 0.0 0.02 83

b0 15.063234 0.0984008163214 -0.145094186068 -1.46383178234 0.957826285221 -0.287347885566 0.0 0.104403065089 86

b1 15.246401 0.0158220119774 -0.0444257855415 -1.41222333908 1.0 0.0 0.0 0.02 83

b0 15.433517 0.0984008163214 -0.145094186068 -1.46383178234 0.957826285221 -0.287347885566 0.0 0.104403065089 86

b1 15.642716 0.0158220119774 -0.0444257855415 -1.41222333908 1.0 0.0 0.0 0.02 83

b0 15.810611 0.0984008163214 -0.145094186068 -1.46383178234 0.957826285221 -0.287347885566 0.0 0.104403065089 86

b1 16.009535 0.0158220119774 -0.0444257855415 -1.41222333908 1.0 0.0 0.0 0.02 83

b0 16.188578 0.0984008163214 -0.145094186068 -1.46383178234 0.957826285221 -0.287347885566 0.0 0.104403065089 86

b1 16.358328 0.0158220119774 -0.0444257855415 -1.41222333908 1.0 0.0 0.0 0.02 83

b0 16.531422 0.0984008163214 -0.145094186068 -1.46383178234 0.957826285221 -0.287347885566 0.0 0.104403065089 86

b1 16.697895 0.0158220119774 -0.0444257855415 -1.41222333908 1.0 0.0 0.0 0.02 83

b0 16.879435 0.0984008163214 -0.145094186068 -1.46383178234 0.957826285221 -0.287347885566 0.0 0.104403065089 86

b1 17.063006 0.0158220119774 -0.0444257855415 -1.41222333908 1.0 0.0 0.0 0.02 83

b0 17.228067 0.0984008163214 -0.145094186068 -1.46383178234 0.957826285221 -0.287347885566 0.0 0.104403065089 86

b1 17.393473 0.0158220119774 -0.0444257855415 -1.41222333908 1.0 0.0 0.0 0.02 83

b0 17.55194 0.0984008163214 -0.145094186068 -1.46383178234 0.957826285221 -0.287347885566 0.0 0.104403065089 86

b1 17.751784 0.0158220119774 -0.0444257855415 -1.41222333908 1.0 0.0 0.0 0.02 83

b0 17.927495 0.0984008163214 -0.145094186068 -1.46383178234 0.957826285221 -0.287347885566 0.0 0.104403065089 86

b1 18.151511 0.0158220119774 -0.0444257855415 -1.41222333908 1.0 0.0 0.0 0.02 83

b0 18.337026 0.0984008163214 -0.145094186068 -1.46383178234 0.957826285221 -0.287347885566 0.0 0.104403065089 86

b1 18.552529 0.0158220119774 -0.0444257855415 -1.41222333908 1.0 0.0 0.0 0.02 83

b0 18.745197 0.0984008163214 -0.145094186068 -1.46383178234 0.957826285221 -0.287347885566 0.0 0.104403065089 86

b1 18.90575 0.0158220119774 -0.0444257855415 -1.41222333908 1.0 0.0 0.0 0.02 83

b0 19.081953 0.0984008163214 -0.145094186068 -1.46383178234 0.957826285221 -0.287347885566 0.0 0.104403065089 86

b1 19.260128 0.0158220119774 -0.0444257855415 -1.41222333908 1.0 0.0 0.0 0.02 83

b0 19.451956 0.0984008163214 -0.145094186068 -1.46383178234 0.957826285221 -0.287347885566 0.0 0.104403065089 86

b1 19.657818 0.0158220119774 -0.0444257855415 -1.41222333908 1.0 0.0 0.0 0.02 83

b0 19.844259 0.0984008163214 -0.145094186068 -1.46383178234 0.957826285221 -0.287347885566 0.0 0.104403065089 86

b1 20.032355 0.0158220119774 -0.0444257855415 -1.41222333908 1.0 0.0 0.0 0.02 83

b0 20.232868 0.0984008163214 -0.145094186068 -1.46383178234 0.957826285221 -0.287347885566 0.0 0.104403065089 86

b1 20.468825 0.0158220119774 -0.0444257855415 -1.41222333908 1.0 0.0 0.0 0.02 83

b0 20.634198 0.0984008163214 -0.145094186068 -1.46383178234 0.957826285221 -0.287347885566 0.0 0.104403065089 86

b1 20.806285 0.0158220119774 -0.0444257855415 -1.41222333908 1.0 0.0 0.0 0.02 83

b0 20.968086 0.0984008163214 -0.145094186068 -1.46383178234 0.957826285221 -0.287347885566 0.0 0.104403065089 86

b1 21.163103 0.0158220119774 -0.0444257855415 -1.41222333908 1.0 0.0 0.0 0.02 83

b0 21.381829 0.0984008163214 -0.145094186068 -1.46383178234 0.957826285221 -0.287347885566 0.0 0.104403065089 86

b1 21.558688 0.0158220119774 -0.0444257855415 -1.41222333908 1.0 0.0 0.0 0.02 83

b0 21.721415 0.0984008163214 -0.145094186068 -1.46383178234 0.957826285221 -0.287347885566 0.0 0.104403065089 86

b1 21.898287 0.0158220119774 -0.0444257855415 -1.41222333908 1.0 0.0 0.0 0.02 83

b0 22.088426 0.0984008163214 -0.145094186068 -1.46383178234 0.957826285221 -0.287347885566 0.0 0.104403065089 86

b1 22.276572 0.0158220119774 -0.0444257855415 -1.41222333908 1.0 0.0 0.0 0.02 83

b0 22.452933 0.0984008163214 -0.145094186068 -1.46383178234 0.957826285221 -0.287347885566 0.0 0.104403065089 86

b1 22.638412 0.0158220119774 -0.0444257855415 -1.41222333908 1.0 0.0 0.0 0.02 83

b0 22.813681 0.0984008163214 -0.145094186068 -1.46383178234 0.957826285221 -0.287347885566 0.0 0.104403065089 86

b1 22.982286 0.0158220119774 -0.0444257855415 -1.41222333908 1.0 0.0 0.0 0.02 83

b0 23.163038 0.0984008163214 -0.145094186068 -1.46383178234 0.957826285221 -0.287347885566 0.0 0.104403065089 86

b1 23.329929 0.0158220119774 -0.0444257855415 -1.41222333908 1.0 0.0 0.0 0.02 83

b0 23.503681 0.0984008163214 -0.145094186068 -1.46383178234 0.957826285221 -0.287347885566 0.0 0.104403065089 86

b1 23.711418 0.0158220119774 -0.0444257855415 -1.41222333908 1.0 0.0 0.0 0.02 83

b0 23.922356 0.0984008163214 -0.145094186068 -1.46383178234 0.957826285221 -0.287347885566 0.0 0.104403065089 86

b1 24.100614 0.0158220119774 -0.0444257855415 -1.41222333908 1.0 0.0 0.0 0.02 83

b0 24.300046 0.0984008163214 -0.145094186068 -1.46383178234 0.957826285221 -0.287347885566 0.0 0.104403065089 86

b1 24.488097 0.0158220119774 -0.0444257855415 -1.41222333908 1.0 0.0 0.0 0.02 83

b0 24.713464 0.0984008163214 -0.145094186068 -1.46383178234 0.957826285221 -0.287347885566 0.0 0.104403065089 86

b1 24.9117 0.0158220119774 -0.0444257855415 -1.41222333908 1.0 0.0 0.0 0.02 83

b0 25.079846 0.0984008163214 -0.145094186068 -1.46383178234 0.957826285221 -0.287347885566 0.0 0.104403065089 86

b1 25.257933 0.0158220119774 -0.0444257855415 -1.41222333908 1.0 0.0 0.0 0.02 83

b0 25.442136 0.0984008163214 -0.145094186068 -1.46383178234 0.957826285221 -0.287347885566 0.0 0.104403065089 86

b1 25.615112 0.0158220119774 -0.0444257855415 -1.41222333908 1.0 0.0 0.0 0.02 83

b0 25.793178 0.0984008163214 -0.145094186068 -1.46383178234 0.957826285221 -0.287347885566 0.0 0.104403065089 86

b1 25.983253 0.0158220119774 -0.0444257855415 -1.41222333908 1.0 0.0 0.0 0.02 83

b0 26.169684 0.0984008163214 -0.145094186068 -1.46383178234 0.957826285221 -0.287347885566 0.0 0.104403065089 86

b1 26.333583 0.0158220119774 -0.0444257855415 -1.41222333908 1.0 0.0 0.0 0.02 83

b0 26.502489 0.0984008163214 -0.145094186068 -1.46383178234 0.957826285221 -0.287347885566 0.0 0.104403065089 86

b1 26.697339 0.0158220119774 -0.0444257855415 -1.41222333908 1.0 0.0 0.0 0.02 83

b0 26.882864 0.0984008163214 -0.145094186068 -1.46383178234 0.957826285221 -0.287347885566 0.0 0.104403065089 86

b1 27.048617 0.0158220119774 -0.0444257855415 -1.41222333908 1.0 0.0 0.0 0.02 83

b0 27.220757 0.0984008163214 -0.145094186068 -1.46383178234 0.957826285221 -0.287347885566 0.0 0.104403065089 86

b1 27.393635 0.0158220119774 -0.0444257855415 -1.41222333908 1.0 0.0 0.0 0.02 83

b0 27.56159 0.0984008163214 -0.145094186068 -1.46383178234 0.957826285221 -0.287347885566 0.0 0.104403065089 86

b1 27.77417 0.0158220119774 -0.0444257855415 -1.41222333908 1.0 0.0 0.0 0.02 83

b0 27.980188 0.0984008163214 -0.145094186068 -1.46383178234 0.957826285221 -0.287347885566 0.0 0.104403065089 86

b1 28.167493 0.0158220119774 -0.0444257855415 -1.41222333908 1.0 0.0 0.0 0.02 83

b0 28.357852 0.0984008163214 -0.145094186068 -1.46383178234 0.957826285221 -0.287347885566 0.0 0.104403065089 86

b1 28.526092 0.0158220119774 -0.0444257855415 -1.41222333908 1.0 0.0 0.0 0.02 83

b0 28.702402 0.0984008163214 -0.145094186068 -1.46383178234 0.957826285221 -0.287347885566 0.0 0.104403065089 86

b1 28.880123 0.0158220119774 -0.0444257855415 -1.41222333908 1.0 0.0 0.0 0.02 83

b0 29.083839 0.0984008163214 -0.145094186068 -1.46383178234 0.957826285221 -0.287347885566 0.0 0.104403065089 86

b1 29.257675 0.0158220119774 -0.0444257855415 -1.41222333908 1.0 0.0 0.0 0.02 83

b0 29.434747 0.0984008163214 -0.145094186068 -1.46383178234 0.957826285221 -0.287347885566 0.0 0.104403065089 86

b1 29.599957 0.0158220119774 -0.0444257855415 -1.41222333908 1.0 0.0 0.0 0.02 83

b0 29.799557 0.0984008163214 -0.145094186068 -1.46383178234 0.957826285221 -0.287347885566 0.0 0.104403065089 86

b1 30.00101 0.0158220119774 -0.0444257855415 -1.41222333908 1.0 0.0 0.0 0.02 83

b0 30.185357 0.0984008163214 -0.145094186068 -1.46383178234 0.957826285221 -0.287347885566 0.0 0.104403065089 86

b1 30.354855 0.0158220119774 -0.0444257855415 -1.41222333908 1.0 0.0 0.0 0.02 83

b0 30.556508 0.0984008163214 -0.145094186068 -1.46383178234 0.957826285221 -0.287347885566 0.0 0.104403065089 86

b1 30.743168 0.0158220119774 -0.0444257855415 -1.41222333908 1.0 0.0 0.0 0.02 83

b0 30.921357 0.0984008163214 -0.145094186068 -1.46383178234 0.957826285221 -0.287347885566 0.0 0.104403065089 86

b1 31.096913 0.0158220119774 -0.0444257855415 -1.41222333908 1.0 0.0 0.0 0.02 83

b0 31.287215 0.0984008163214 -0.145094186068 -1.46383178234 0.957826285221 -0.287347885566 0.0 0.104403065089 86

b1 31.490586 0.0158220119774 -0.0444257855415 -1.41222333908 1.0 0.0 0.0 0.02 83

b0 31.660285 0.0984008163214 -0.145094186068 -1.46383178234 0.957826285221 -0.287347885566 0.0 0.104403065089 86

b1 31.839042 0.0158220119774 -0.0444257855415 -1.41222333908 1.0 0.0 0.0 0.02 83

b0 32.081846 0.0984008163214 -0.145094186068 -1.46383178234 0.957826285221 -0.287347885566 0.0 0.104403065089 86

b1 32.290214 0.0158220119774 -0.0444257855415 -1.41222333908 1.0 0.0 0.0 0.02 83

b0 32.527888 0.0984008163214 -0.145094186068 -1.46383178234 0.957826285221 -0.287347885566 0.0 0.104403065089 86

b1 32.723125 0.0158220119774 -0.0444257855415 -1.41222333908 1.0 0.0 0.0 0.02 83

b0 32.938193 0.0984008163214 -0.145094186068 -1.46383178234 0.957826285221 -0.287347885566 0.0 0.104403065089 86

b1 33.192256 0.0158220119774 -0.0444257855415 -1.41222333908 1.0 0.0 0.0 0.02 83

b0 33.392794 0.0984008163214 -0.145094186068 -1.46383178234 0.957826285221 -0.287347885566 0.0 0.104403065089 86

b1 33.569507 0.0158220119774 -0.0444257855415 -1.41222333908 1.0 0.0 0.0 0.02 83

b0 33.771542 0.0984008163214 -0.145094186068 -1.46383178234 0.957826285221 -0.287347885566 0.0 0.104403065089 86

b1 33.963948 0.0158220119774 -0.0444257855415 -1.41222333908 1.0 0.0 0.0 0.02 83

b0 34.141233 0.0984008163214 -0.145094186068 -1.46383178234 0.957826285221 -0.287347885566 0.0 0.104403065089 86

b1 34.361884 0.0158220119774 -0.0444257855415 -1.41222333908 1.0 0.0 0.0 0.02 83

b0 34.586766 0.0984008163214 -0.145094186068 -1.46383178234 0.957826285221 -0.287347885566 0.0 0.104403065089 86

b1 34.772966 0.0158220119774 -0.0444257855415 -1.41222333908 1.0 0.0 0.0 0.02 83

b0 34.983076 0.0984008163214 -0.145094186068 -1.46383178234 0.957826285221 -0.287347885566 0.0 0.104403065089 86

b1 35.156371 0.0158220119774 -0.0444257855415 -1.41222333908 1.0 0.0 0.0 0.02 83

b0 35.335243 0.0984008163214 -0.145094186068 -1.46383178234 0.957826285221 -0.287347885566 0.0 0.104403065089 86

b1 35.564287 0.0158220119774 -0.0444257855415 -1.41222333908 1.0 0.0 0.0 0.02 83

b0 35.753483 0.0984008163214 -0.145094186068 -1.46383178234 0.957826285221 -0.287347885566 0.0 0.104403065089 86

b1 35.941676 0.0158220119774 -0.0444257855415 -1.41222333908 1.0 0.0 0.0 0.02 83

b0 36.144518 0.0984008163214 -0.145094186068 -1.46383178234 0.957826285221 -0.287347885566 0.0 0.104403065089 86

b1 36.313372 0.0158220119774 -0.0444257855415 -1.41222333908 1.0 0.0 0.0 0.02 83

b0 36.476701 0.0984008163214 -0.145094186068 -1.46383178234 0.957826285221 -0.287347885566 0.0 0.104403065089 86

b1 36.658347 0.0158220119774 -0.0444257855415 -1.41222333908 1.0 0.0 0.0 0.02 83

b0 36.859643 0.0984008163214 -0.145094186068 -1.46383178234 0.957826285221 -0.287347885566 0.0 0.104403065089 86

b1 37.062117 0.0158220119774 -0.0444257855415 -1.41222333908 1.0 0.0 0.0 0.02 83

b0 37.251442 0.0984008163214 -0.145094186068 -1.46383178234 0.957826285221 -0.287347885566 0.0 0.104403065089 86

b1 37.422942 0.0158220119774 -0.0444257855415 -1.41222333908 1.0 0.0 0.0 0.02 83

b0 37.589364 0.0984008163214 -0.145094186068 -1.46383178234 0.957826285221 -0.287347885566 0.0 0.104403065089 86

b1 37.777455 0.0158220119774 -0.0444257855415 -1.41222333908 1.0 0.0 0.0 0.02 83

b0 37.937663 0.0984008163214 -0.145094186068 -1.46383178234 0.957826285221 -0.287347885566 0.0 0.104403065089 86

b1 38.116892 0.0158220119774 -0.0444257855415 -1.41222333908 1.0 0.0 0.0 0.02 83

b0 38.275838 0.0984008163214 -0.145094186068 -1.46383178234 0.957826285221 -0.287347885566 0.0 0.104403065089 86

b1 38.496086 0.0158220119774 -0.0444257855415 -1.41222333908 1.0 0.0 0.0 0.02 83

b0 38.717299 0.0984008163214 -0.145094186068 -1.46383178234 0.957826285221 -0.287347885566 0.0 0.104403065089 86

b1 38.901803 0.0158220119774 -0.0444257855415 -1.41222333908 1.0 0.0 0.0 0.02 83

b0 39.106642 0.0984008163214 -0.145094186068 -1.46383178234 0.957826285221 -0.287347885566 0.0 0.104403065089 86

b1 39.285788 0.0158220119774 -0.0444257855415 -1.41222333908 1.0 0.0 0.0 0.02 83

b0 39.464267 0.0984008163214 -0.145094186068 -1.46383178234 0.957826285221 -0.287347885566 0.0 0.104403065089 86

b1 39.645242 0.0158220119774 -0.0444257855415 -1.41222333908 1.0 0.0 0.0 0.02 83

b0 39.821951 0.0984008163214 -0.145094186068 -1.46383178234 0.957826285221 -0.287347885566 0.0 0.104403065089 86

b1 39.983486 0.0158220119774 -0.0444257855415 -1.41222333908 1.0 0.0 0.0 0.02 83

b0 40.153693 0.0984008163214 -0.145094186068 -1.46383178234 0.957826285221 -0.287347885566 0.0 0.104403065089 86

b1 40.343845 0.0158220119774 -0.0444257855415 -1.41222333908 1.0 0.0 0.0 0.02 83

b0 40.54715 0.0984008163214 -0.145094186068 -1.46383178234 0.957826285221 -0.287347885566 0.0 0.104403065089 86

b1 40.731793 0.0158220119774 -0.0444257855415 -1.41222333908 1.0 0.0 0.0 0.02 83

b0 40.901855 0.0984008163214 -0.145094186068 -1.46383178234 0.957826285221 -0.287347885566 0.0 0.104403065089 86

b1 41.082172 0.0158220119774 -0.0444257855415 -1.41222333908 1.0 0.0 0.0 0.02 83

b0 41.270982 0.0984008163214 -0.145094186068 -1.46383178234 0.957826285221 -0.287347885566 0.0 0.104403065089 86

b1 41.46501 0.0158220119774 -0.0444257855415 -1.41222333908 1.0 0.0 0.0 0.02 83

b0 41.651121 0.0984008163214 -0.145094186068 -1.46383178234 0.957826285221 -0.287347885566 0.0 0.104403065089 86

b1 41.869579 0.0158220119774 -0.0444257855415 -1.41222333908 1.0 0.0 0.0 0.02 83

b0 42.042557 0.0984008163214 -0.145094186068 -1.46383178234 0.957826285221 -0.287347885566 0.0 0.104403065089 86

b1 42.20251 0.0158220119774 -0.0444257855415 -1.41222333908 1.0 0.0 0.0 0.02 83

b0 3.130907 -0.176008909941 0.0170865748078 1.37558269501 0.00608828711325 -0.0547945840192 0.998479086572 1.64249809741 99

b1 3.563324 -0.373127013445 0.0274282880127 1.48866271973 0.0120233479646 -0.126245153628 0.991926207078 1.6634301909 99

b0 3.746369 3.38694214821 9.89025783539 4.98204755783 0.943981170415 0.329982983049 0.00328341276666 6.09122319407 96

b1 3.906224 -10.9928026199 -1.44515490532 9.53037261963 -0.147103312587 -0.987932474307 0.0484772280117 5.98219023435 98

b0 4.082134 8.35174179077 23.9077548981 5.01773881912 0.955024799489 0.296505894426 0.00344774295844 5.80089648244 95

b1 4.247272 -25.1602668762 -3.48536968231 9.98309993744 -0.116838487973 -0.993127147766 0.00687285223368 5.82 96

b0 4.436192 12.8016052246 38.4940071106 5.02213430405 0.965630333197 0.259914127164 0.00164502612129 6.07893082705 93

b1 4.631549 -40.8982467651 -5.1251411438 10.0085926056 -0.110069556563 -0.993911667468 0.00492848760728 6.0870600457 95

b0 4.793638 10.425822258 31.7470741272 5.02422332764 -0.974515155602 -0.224316750756 0.00148554139573 6.7315525698 92

b1 4.940515 -33.4115867615 -3.70649552345 10.0478925705 0.155195533812 0.987879263305 0.00298452949639 6.70122376884 93

b0 5.103262 1.05409991741 32.8097343445 5.05230093002 0.600739114967 -0.799445129917 0.0 6.49200277264 91

b1 5.273386 -30.9933547974 -14.151061058 10.0965051651 -0.975608622555 -0.219511940075 0.00152438847274 6.56000762195 92

b0 5.448148 -10.8031272888 42.6724395752 5.06198215485 0.667862549877 -0.744284632699 0.0 6.019202605 89

b1 5.607365 -35.6579933167 -27.7747707367 10.0971126556 -0.94451975342 -0.328454616955 0.0 5.87600204221 90

b0 5.777327 -22.0983467102 52.5779876709 5.04947566986 0.680959334402 -0.732321230671 0.0 6.03560270396 88

b1 5.941714 -40.696937561 -42.5390281677 10.1023712158 -0.953078571317 -0.302723036614 0.0 6.01209614028 89

b0 6.124486 -25.2937583923 55.7639122009 8.18324756622 0.0 0.0358743290442 0.999356309089 1.95125600576 86

b1 6.318449 -38.543762207 -36.0859642029 10.0954017639 0.949280511738 0.314430453415 0.0 6.67874239659 88

b0 6.492481 -23.3885593414 51.541217804 14.9967470169 -0.901926764521 0.43154390647 0.0172617562588 2.31726131457 85

b1 6.653724 -40.4119529724 -42.6356735229 10.1086807251 -0.947633486382 -0.319359946592 0.0 6.70090292423 86

b0 6.820803 -13.505200386 29.6586475372 15.0137634277 -0.906456489471 0.422276071924 0.00442173897303 4.52310733899 84

b1 7.03882 -38.8299598694 -36.6481437683 10.0940132141 0.94838369882 0.317125148501 0.0 6.68505796534 85

b0 7.206576 -1.58563637733 3.0726146698 15.0374259949 -0.899562228876 0.436743980686 0.00651856687591 3.06815905715 82

b1 7.394122 -40.4189872742 -41.557472229 11.2164258957 -0.902103099242 -0.302912070089 0.307334144105 4.52276464123 83

b0 7.565293 0.208906009793 -0.78243881464 15.0507440567 0.954504435402 -0.229081064496 -0.19090088708 0.523832034148 81

b1 7.760848 -38.8378639221 -42.224029541 15.1215171814 0.756307194201 0.654205722984 0.00378153597101 2.64442810452 82

b0 7.937896 0.233348026872 -0.00595685932785 7.97372531891 0.215515239352 -0.366375906898 -0.905164005278 0.464004310325 80

b1 8.08638 -23.0335941315 -24.521686554 15.1067295074 0.729334207083 0.684154211954 0.00215142833948 4.64807487031 81

b0 8.262151 0.118285380304 -0.176990643144 4.99630689621 0.251609804141 -0.251609804141 -0.934550701096 0.55641710973 78

b1 8.441223 -3.19220399857 -3.51961898804 15.1106414795 0.727256102241 0.686366200911 0.0 3.42382826672 79

b0 8.614913 0.121812909842 -0.149163603783 1.98833942413 0.272862610064 -0.254671769393 -0.927732874217 0.549727205075 77

b1 8.789121 0.467934310436 0.407285273075 15.1272983551 -0.728780029879 -0.683231278011 -0.0455487518674 0.219544984001 78

b0 8.968532 0.154953747988 -0.165710777044 -0.978150606155 0.335524897592 -0.272613979294 -0.901723162279 0.476864760703 76

b1 9.129242 -0.0756624341011 -0.0715887919068 8.20551109314 0.0 0.0199960011996 -0.99980005998 0.500099990002 77

b0 9.305049 0.148991182446 -0.173100635409 -1.22319102287 0.757271229904 -0.619585551739 0.206528517246 0.290516780927 76

b1 9.46115 -0.0171399731189 -0.00695252232254 5.25755834579 0.0 0.0199960011996 -0.99980005998 0.500099990002 75

b0 9.619947 0.148991182446 -0.173100635409 -1.22319102287 0.786666182751 -0.601568257398 0.138823444015 0.21610182785 76

b1 9.783912 0.0103924041614 0.00203353981487 2.13657641411 -0.0199960011996 0.0 -0.99980005998 0.500099990002 74

b1 9.961097 -0.000469923572382 0.00405901670456 0.691844463348 0.0 0.0 -1.0 0.5 74

b0 10.162021 0.148991182446 -0.173100635409 -1.22319102287 0.916157334902 -0.40081883402 0.0 0.174642491966 76

b1 10.339091 0.0236296802759 -0.00903659313917 -1.27097594738 0.872871560944 -0.218217890236 0.436435780472 0.0458257569496 73

b0 10.528441 0.148991182446 -0.173100635409 -1.22319102287 0.928476690885 -0.371390676354 0.0 0.161554944214 76

b0 1.911016 -0.367173552513 0.0308268815279 1.44442605972 0.00614283526688 -0.0982853642701 0.995139313235 1.62791277408 99

b1 2.419067 -0.528454780579 0.0348407886922 1.95662736893 -0.0110287037108 -0.159916203806 0.987068982116 1.81344975116 99

b0 2.601111 3.47303414345 10.9303874969 5.05649518967 0.945013575842 0.3269943169 0.00490491475351 6.11631424961 96

b1 2.778336 -10.3504514694 -1.28489470482 9.5228395462 -0.145911962511 -0.987840757692 0.0536687678203 5.96249947589 98

b0 2.935368 8.14028263092 23.9298992157 5.09379053116 0.948847434878 0.315716677795 0.00339480298704 5.89135807773 95

b1 3.120942 -26.4786090851 -3.6216199398 10.0889186859 -0.106471859441 -0.994309784139 0.00343457611101 5.82313489454 96

b0 3.280703 12.8976249695 39.7089309692 5.1180267334 0.965822678077 0.259203693091 0.0 6.0570124649 93

b1 3.437239 -40.6587333679 -5.26915550232 10.0782756805 -0.124034569404 -0.99227655523 0.00163203380794 6.12732404888 95

b0 3.602593 10.7636528015 31.7724304199 5.112885952 -0.980115411705 -0.198428273535 0.0 6.65227780538 92

b1 3.766236 -35.5736999512 -4.08048582077 10.1080570221 0.156274032131 0.987712572014 0.00151722361292 6.59098626914 93

b0 3.926558 0.912436902523 33.1538276672 5.11763715744 0.600733467917 -0.799449373334 0.0 6.54200275145 91

b1 4.116651 -30.452501297 -13.3846797943 10.1401424408 -0.984359473937 -0.176164803813 0.0015453052966 6.47121317838 92

b0 4.267162 -10.9343481064 42.8991241455 5.10129070282 0.665614846958 -0.746295434469 0.0 5.949386523 89

b1 4.445811 -35.2313308716 -28.549413681 10.1516294479 -0.949521845596 -0.313696382382 0.00168653969022 5.92930012733 90

b0 4.631743 -22.2365112305 52.8645858765 5.11142683029 0.677380965441 -0.735632399815 0.0 6.00843573653 88

b1 4.809738 -40.1046028137 -41.9133415222 10.1464729309 -0.944585813266 -0.328260318085 0.00167479754125 5.97087095824 89

b0 4.981545 -16.6530132294 49.9194374084 5.10314416885 -0.552266349234 0.833666369144 0.00150481294069 6.64534423488 86

b1 5.174443 -30.960357666 -43.9827461243 10.144080162 0.25154735252 0.967843777074 0.00153382532024 6.51964722972 88

b0 5.329847 -22.7964706421 50.0486030579 5.12196063995 0.359480880019 -0.93315245105 0.0 6.67629388209 85

b1 5.487951 -16.9938430786 -39.6677017212 10.1449489594 0.332552004536 0.943083376965 0.00170539489505 5.86374453741 86

b0 5.654935 -30.9794368744 42.3921508789 5.11064291 -0.954507555763 -0.298182326418 0.00162055612184 6.17072118962 83

b1 5.820249 -2.19984650612 -34.2297515869 10.1587429047 0.346554054895 0.938028523587 0.00166612526392 6.00194968323 85

b0 6.055451 -31.4550228119 39.9872322083 10.6659421921 -0.178111185972 -0.062579605882 0.982018430764 2.07735408633 82

b1 6.215678 10.9199705124 -29.276889801 10.162940979 0.363010782438 0.931783436948 0.00167286074856 5.9777838703 83

b0 6.376151 -26.8135223389 31.431722641 15.1358680725 -0.772995919314 0.63441099354 0.0 3.24710640417 81

b1 6.567129 23.2126522064 -22.4042873383 10.1686210632 0.563597814822 0.82604933456 0.0 5.94395491235 82

b0 6.74184 -10.1685810089 11.8219518661 15.1173191071 -0.754147588145 0.656701551475 0.00211839210153 4.72056140729 79

b1 6.907804 36.4440574646 -12.5975999832 10.1724796295 0.613358757792 0.789804427842 0.0 5.9508402768 80

b0 7.099986 0.549636185169 -0.893229424953 15.1257305145 0.0712470499879 0.997458699831 0.0 0.140356688476 78

b1 7.273231 39.8444099426 -10.0722455978 13.189455986 -0.0657142223843 -0.114999889172 0.991189520963 1.82608871636 79

b0 7.505279 0.0339117124677 0.0126751940697 11.2033243179 0.092682718665 -0.0728221360939 -0.993029128553 1.51052970841 77

b1 7.709384 27.7102622986 -7.20463037491 15.1614942551 0.250684493753 -0.968068842899 0.0 3.74973332385 78

b0 7.88341 0.11607940495 -0.0600720383227 6.50663995743 0.114686909985 -0.191144849975 -0.974838734872 0.523163454381 75

b1 8.079966 3.66100502014 -0.922105789185 15.158908844 0.241765524676 -0.970329200388 0.00326710168481 3.06081688443 76

b0 8.264374 0.0620530173182 -0.116669721901 3.39048719406 0.188011115546 -0.0940055577729 -0.977657800838 0.531883445879 74

b1 8.450101 -0.566575944424 0.170160919428 15.1644105911 -0.288920920195 0.949311594925 -0.123823251512 0.242280828792 75

b0 8.678201 0.0694247558713 -0.0993707999587 0.382038086653 0.175494954593 -0.136496075794 -0.974971969959 0.512835256198 73

b1 8.869651 0.107350118458 -0.0189773440361 8.13181495667 0.0 -0.099503719021 -0.99503719021 0.401995024845 74

b1 9.077958 0.026564322412 0.00334502453916 6.50045537949 0.0 -0.0587220219515 -0.998274373175 0.510881590978 73

b0 9.250037 0.0875649005175 -0.0933992564678 -1.36497354507 0.768349819928 -0.548821299948 0.329292779969 0.182208671583 72



	     \||||||||||||||||||/
		   --- Welcome to Maude ---
		     /||||||||||||||||||\
	   Maude 2.7.1 built: Jun 27 2016 16:35:16
	    Copyright 1997-2016 SRI International
		   Fri Dec  9 00:07:01 2016
OK
SimpleDrone with name b0 and instance number 0
Spawning dronekit ['dronekit-sitl', 'copter-3.3', '--instance', '0', '--speedup=3', '--home=-7.162675,-34.817705,36,250']
dronekit with pid 6330 spawned
sleeping
bind port 5760 for 0
Serial port 0 on TCP port 5760
slept
Spawning mavproxy ['mavproxy.py', '--master', 'tcp:127.0.0.1:5760', '--sitl=127.0.0.1:5501', '--out=127.0.0.1:14550', '--aircraft', '/tmp/drone_0', '--map', '--console']
mavproxy with pid 6338 spawned
Connect tcp:127.0.0.1:5760 source_system=255
Loaded module console
bind port 5762 for 2
Serial port 2 on TCP port 5762
bind port 5763 for 3
Serial port 3 on TCP port 5763
>>> APM:Copter V3.3 (d6053245)
>>> Frame: QUAD
>>> Calibrating barometer
>>> Initialising APM...
>>> barometer calibration complete
>>> GROUND START
OK
SimpleDrone with name b1 and instance number 1
Spawning dronekit ['dronekit-sitl', 'copter-3.3', '--instance', '1', '--speedup=3', '--home=-7.162675,-34.817705,36,250']
dronekit with pid 6354 spawned
sleeping
bind port 5770 for 0
Serial port 0 on TCP port 5770
slept
Spawning mavproxy ['mavproxy.py', '--master', 'tcp:127.0.0.1:5770', '--sitl=127.0.0.1:5511', '--out=127.0.0.1:14560', '--aircraft', '/tmp/drone_1', '--map', '--console']
mavproxy with pid 6362 spawned
Connect tcp:127.0.0.1:5770 source_system=255
Loaded module console
bind port 5772 for 2
Serial port 2 on TCP port 5772
bind port 5773 for 3
Serial port 3 on TCP port 5773
>>> APM:Copter V3.3 (d6053245)
>>> Frame: QUAD
>>> Calibrating barometer
>>> Initialising APM...
>>> barometer calibration complete
>>> GROUND START
OK
OK
OK
0.takeOff mode = VehicleMode:STABILIZE
>>> ARMING MOTORS
>>> GROUND START
>>> Initialising APM...
OK
1.takeOff mode = VehicleMode:STABILIZE
>>> ARMING MOTORS
>>> GROUND START
>>> Initialising APM...
OK
0.goToW mode = VehicleMode:GUIDED
OK
1.goToW mode = VehicleMode:GUIDED
OK
0.goToW mode = VehicleMode:GUIDED
OK
1.goToW mode = VehicleMode:GUIDED
OK
0.goToW mode = VehicleMode:GUIDED
OK
1.goToW mode = VehicleMode:GUIDED
OK
0.goToW mode = VehicleMode:GUIDED
OK
1.goToW mode = VehicleMode:GUIDED
OK
0.goToW mode = VehicleMode:GUIDED
OK
1.goToW mode = VehicleMode:GUIDED
OK
0.goToW mode = VehicleMode:GUIDED
OK
1.goToW mode = VehicleMode:GUIDED
OK
0.goToW mode = VehicleMode:GUIDED
OK
1.goToW mode = VehicleMode:GUIDED
OK
OK
0.goToW mode = VehicleMode:GUIDED
1.goToW mode = VehicleMode:GUIDED
OK
0.goToW mode = VehicleMode:GUIDED
OK
1.goToW mode = VehicleMode:GUIDED
OK
0.goToW mode = VehicleMode:GUIDED
OK
1.goToW mode = VehicleMode:GUIDED
OK
0.goToW mode = VehicleMode:RTL
OK
1.goToW mode = VehicleMode:GUIDED
OK
0.goToW mode = VehicleMode:RTL
OK
1.goToW mode = VehicleMode:GUIDED
OK
0.goToW mode = VehicleMode:RTL
OK
1.goToW mode = VehicleMode:GUIDED
OK
0.goToW mode = VehicleMode:RTL
OK
1.goToW mode = VehicleMode:GUIDED
OK
OK
0.goToW mode = VehicleMode:RTL
1.goToW mode = VehicleMode:RTL
OK
0.goToW mode = VehicleMode:RTL
OK
1.goToW mode = VehicleMode:RTL
OK
0.goToW mode = VehicleMode:RTL
OK
1.goToW mode = VehicleMode:RTL
OK
OK
0.land mode = VehicleMode:RTL
1.goToW mode = VehicleMode:RTL
OK
1.land mode = VehicleMode:RTL
>>> DISARMING MOTORS
OK
0.stop mode = VehicleMode:LAND
OK
OK
>>> DISARMING MOTORS
user
maude
(tval SITL{
[eI
	| clock(20)class(b(0),Bot)class(b(1),Bot)(timeElapsed(
    9.0773519999999994)@ 20)(timeElapsed(9.2495469999999997)@ 20)(rand(0)@ 0)(
    atloc(b(0),pt(0,-1,-2))@ 20)(atloc(b(1),pt(0,0,6))@ 20)(energy(b(0),
    7.2e+1)@ 20)(energy(b(1),7.3e+1)@ 20)(targetVel(b(0),5.0)@ 0)(targetVel(b(
    1),5.0)@ 0)(vel(b(0),1.82208671583e-1)@ 20)(vel(b(1),
    5.1088159097800001e-1)@ 20)wind(0.0,1.0,0.0)@ 0]
[b(0): Bot |
  lkb :(clock(20)class(b(0),Bot)class(b(1),Bot)(timeElapsed(
    8.6774360000000001)@ 19)(rand(19)@ 19)(atloc(b(0),pt(0,-1,0))@ 19)(atloc(b(
    1),pt(0,0,0))@ 0)(pending(b(0),stop(b(0)))@ 20)(countLate(b(0),0)@ 0)(
    visited(b(0),nil)@ 0)(energy(b(0),7.3e+1)@ 19)(caution(b(0),2.0e+1)@ 0)(
    targetVel(b(0),5.0)@ 0)(vel(b(0),5.1283525619799997e-1)@ 19)(wind(0.0,1.0,
    0.0)@ 0)(targets(b(0),pt(50,10,5); pt(10,30,5); pt(-20,50,5); pt(-40,5,5),
    nil)@ 0)(lastVisit(b(0),pt(0,0,0),0.0)@ 0)(lastVisit(b(0),pt(10,30,5),
    3.6022020000000001)@ 5)(lastVisit(b(0),pt(-20,50,5),5.329504)@ 10)(
    countVisit(b(0),pt(10,30,5),1)@ 5)(countVisit(b(0),pt(50,10,5),0)@ 0)(
    countVisit(b(0),pt(-20,50,5),1)@ 10)(countVisit(b(0),pt(-40,5,5),0)@
    0)myHome(b(0),pt(0,0,0))myAlt(b(0),5)),
  ckb :(class(b(0),Bot)class(b(1),Bot)(atloc(b(0),pt(0,-1,0))@ 19)atloc(b(1),
    pt(0,0,0))@ 0),
  evs :(tick @ 0)]
[b(1): Bot |
  lkb :(clock(20)class(b(0),Bot)class(b(1),Bot)(timeElapsed(
    8.6774360000000001)@ 19)(rand(38)@ 19)(atloc(b(0),pt(0,0,0))@ 0)(atloc(b(
    1),pt(0,-1,8))@ 19)(pending(b(1),land(b(1)))@ 20)(countLate(b(1),0)@ 0)(
    visited(b(1),nil)@ 0)(energy(b(1),7.4e+1)@ 19)(caution(b(1),2.0e+1)@ 0)(
    targetVel(b(1),5.0)@ 0)(vel(b(1),4.0199502484499999e-1)@ 19)(wind(0.0,1.0,
    0.0)@ 0)(targets(b(1),pt(40,-10,10); pt(-40,-40,10); pt(-35,-5,10); pt(10,
    -30,10),nil)@ 0)(lastVisit(b(1),pt(0,0,0),0.0)@ 0)(lastVisit(b(1),pt(10,
    -30,10),6.0551180000000002)@ 12)(lastVisit(b(1),pt(40,-10,10),
    7.0995939999999997)@ 15)(lastVisit(b(1),pt(-35,-5,10),3.6022020000000001)@
    5)(lastVisit(b(1),pt(-40,-40,10),4.630744)@ 8)(countVisit(b(1),pt(10,-30,
    10),1)@ 12)(countVisit(b(1),pt(40,-10,10),1)@ 15)(countVisit(b(1),pt(-35,
    -5,10),1)@ 5)(countVisit(b(1),pt(-40,-40,10),1)@ 8)myHome(b(1),pt(0,0,
    0))myAlt(b(1),10)),
  ckb :(class(b(0),Bot)class(b(1),Bot)(atloc(b(0),pt(0,0,0))@ 0)atloc(b(1),pt(
    0,-1,8))@ 19),
  evs :(tick @ 0)]})
