b0 1.813652 -0.623901426792 0.0112191867083 0.212924435735 -0.0199323448464 -0.996617242321 0.0797293793857 0.501697119784 99 

b1 2.170683 -0.33469286561 0.00906550139189 0.245071426034 0.0 -0.987105477748 0.160071158554 0.37483329628 99 

b0 2.219655 -0.837292671204 0.013409761712 4.9528503418 0.0 0.242535625036 0.970142500145 0.123693168769 98 

b1 2.227765 -0.39927855134 0.00559579720721 0.25602221489 -0.0259849850167 -0.987429430636 0.1559099101 0.384837628098 99 

b0 2.255638 -0.837292671204 0.013409761712 4.9528503418 0.0 0.242535625036 0.970142500145 0.123693168769 98 

b1 2.308179 -0.506704390049 -0.00434066122398 0.277929484844 -0.0532812615447 -0.985703338577 0.159843784634 0.375366487582 99 

b0 2.338658 -0.871851861477 0.00939820148051 4.97859144211 0.0 0.478852130681 0.877895572914 0.125299640861 98 

b1 2.355368 -0.545535087585 -0.00972656346858 0.288946181536 -0.0547175655165 -0.984916179296 0.164152696549 0.36551333765 99 

b0 2.388851 -0.925306975842 0.00249239965342 5.02327680588 0.0733235575107 0.806559132617 0.586588460085 0.13638181697 98 

b1 2.399051 -0.571982562542 -0.0148569382727 0.299950987101 -0.0578314931966 -0.983135384343 0.17349447959 0.345832329316 99 

b0 2.412537 -0.925306975842 0.00249239965342 5.02327680588 0.0733235575107 0.806559132617 0.586588460085 0.13638181697 98 

b1 2.422235 -0.571982562542 -0.0148569382727 0.299950987101 -0.0578314931966 -0.983135384343 0.17349447959 0.345832329316 99 

b0 2.440015 -0.933666527271 0.0276709962636 5.03274726868 0.769309258162 0.636669730893 0.0530558109077 0.376961536499 98 

b1 2.448247 -0.586791753769 -0.0194411464036 0.311132699251 -0.0613139339485 -0.981022943176 0.183941801845 0.326190128606 99 

b0 2.469733 -0.886124193668 0.17909540236 5.02841854095 0.884118010343 0.466617838792 -0.0245588336206 1.22155638429 98 

b1 2.478933 -0.590433716774 -0.023313857615 0.322497844696 -0.0652328073053 -0.97849210958 0.195698421916 0.306594194335 99 

b0 2.493453 -0.886124193668 0.17909540236 5.02841854095 0.884118010343 0.466617838792 -0.0245588336206 1.22155638429 98 

b1 2.507365 -0.583504736423 -0.0261240229011 0.333783626556 -0.0721218445975 -0.973644902066 0.216365533792 0.277308492477 99 

b0 2.52066 -0.737071275711 0.580842852592 5.01079845428 0.91598898396 0.400497347965 -0.0237919216613 2.52186438969 98 

b1 2.534093 -0.583504736423 -0.0261240229011 0.333783626556 -0.0721218445975 -0.973644902066 0.216365533792 0.277308492477 99 

b0 2.545771 -0.737071275711 0.580842852592 5.01079845428 0.91598898396 0.400497347965 -0.0237919216613 2.52186438969 98 

b1 2.555726 -0.565403223038 -0.0277186837047 0.344810783863 -0.0805822964025 -0.96698755683 0.241746889208 0.24819347292 99 

b0 2.574083 -0.483514517546 1.28528749943 4.99374628067 0.930602442097 0.365877883218 -0.0106051560353 3.77175025684 98 

b1 2.588977 -0.565403223038 -0.0277186837047 0.344810783863 -0.0805822964025 -0.96698755683 0.241746889208 0.24819347292 99 

b0 2.601088 -0.149163708091 2.24442315102 4.98608970642 0.935191372057 0.354142764475 0.0 4.71561236744 98 

b1 2.616945 -0.538065433502 -0.0282552521676 0.355560511351 -0.0953462589246 -0.953462589246 0.286038776774 0.209761769634 99 

b0 2.631037 0.256316751242 3.39012122154 4.98679637909 0.93393608235 0.357364102517 0.00736833201065 5.42863702968 98 

b1 2.641775 -0.501907229424 -0.0277872048318 0.36587330699 -0.0553848775622 -0.941542918557 0.332309265373 0.180554700853 99 

b0 2.657953 0.714875519276 4.6481385231 5.004093647 0.930907297511 0.364649186219 0.0210374530511 5.70411255148 98 

b1 2.670002 -0.501907229424 -0.0277872048318 0.36587330699 -0.0553848775622 -0.941542918557 0.332309265373 0.180554700853 99 

b0 2.68545 0.714875519276 4.6481385231 5.004093647 0.930907297511 0.364649186219 0.0210374530511 5.70411255148 98 

b1 2.693474 -0.458298742771 -0.0263377036899 0.375611484051 -0.0696733014292 -0.905752918579 0.418039808575 0.143527000944 99 

b0 2.711479 1.19144487381 5.91041135788 5.03640890121 0.927263230679 0.373430911966 0.027060211012 5.54319402511 98 

b1 2.719138 -0.407718241215 -0.0243191570044 0.384696006775 -0.0966736489046 -0.870062840141 0.483368244523 0.103440804328 99 

b0 2.734494 1.19144487381 5.91041135788 5.03640890121 0.927263230679 0.373430911966 0.027060211012 5.54319402511 98 

b1 2.744729 -0.407718241215 -0.0243191570044 0.384696006775 -0.0966736489046 -0.870062840141 0.483368244523 0.103440804328 99 

b0 2.758415 1.65395057201 7.09941577911 5.0715470314 0.925821865788 0.376969662652 0.0273449496224 5.1197753857 98 

b1 2.777149 -0.351080745459 -0.0204840749502 0.393118977547 -0.140028008403 -0.700140042014 0.700140042014 0.0714142842854 99 

b0 2.787843 2.06833410263 8.14974784851 5.10122251511 0.923993203904 0.381699963325 0.0232743880076 4.29656839815 97 

b1 2.799921 -0.292723923922 -0.01583760418 0.400607794523 0.0 -0.196116135138 0.980580675691 0.0509901951359 99 

b0 2.811103 2.06833410263 8.14974784851 5.10122251511 0.923993203904 0.381699963325 0.0232743880076 4.29656839815 97 

b1 2.829491 -0.233115956187 -0.010344825685 0.407144039869 0.0 0.371390676354 0.928476690885 0.0538516480713 99 

b0 2.844189 2.5877327919 9.45864200592 5.11898374557 0.918825765813 0.394663416188 0.0 1.62163497742 97 

b1 2.855854 -0.233115956187 -0.010344825685 0.407144039869 0.0 0.371390676354 0.928476690885 0.0538516480713 99 

b0 2.869748 2.5877327919 9.45864200592 5.11898374557 0.918825765813 0.394663416188 0.0 1.62163497742 97 

b1 2.880304 -0.172000259161 -0.00394384237006 0.412717103958 0.0 0.707106781187 0.707106781187 0.0707106781187 99 

b0 2.893423 2.66891098022 9.67618751526 5.11883401871 0.901656908118 0.43204393514 0.0187845189191 0.532353266168 97 

b1 2.902171 -0.110313996673 0.00233559147455 0.417378544807 0.0 0.874157276122 0.485642931179 0.10295630141 99 

b0 2.916948 2.66790723801 9.70865249634 5.12474632263 -0.707106781187 0.0 0.707106781187 0.0565685424949 97 

b1 2.922406 -0.110313996673 0.00233559147455 0.417378544807 0.0 0.874157276122 0.485642931179 0.10295630141 99 

b0 2.936795 2.66790723801 9.70865249634 5.12474632263 -0.707106781187 0.0 0.707106781187 0.0565685424949 97 

b1 2.949504 -0.0473192930222 0.0083308974281 0.421146214008 0.0 0.948683298051 0.316227766017 0.126491106407 99 

b0 2.96752 2.62754297256 9.662566185 5.13454580307 -0.912870929175 -0.36514837167 0.182574185835 0.219089023002 97 

b1 3.000553 0.0134188225493 0.0149617344141 0.424146980047 0.0 0.961523947641 0.274721127897 0.145602197786 99 

b0 3.019988 2.57949471474 9.60191249847 5.14233636856 -0.911322376866 -0.390566732942 0.130188910981 0.230434372436 97 

b1 3.031062 0.0701766461134 0.0208488628268 0.426366329193 0.0571661950475 0.971825315808 0.22866478019 0.174928556845 99 

b0 3.043283 2.53524565697 9.54975986481 5.14705848694 -0.933799055648 -0.344031231028 0.0982946374366 0.203469899494 97 

b1 3.053747 0.0701766461134 0.0208488628268 0.426366329193 0.0571661950475 0.971825315808 0.22866478019 0.174928556845 99 

b0 3.070952 2.53524565697 9.54975986481 5.14705848694 -0.933799055648 -0.344031231028 0.0982946374366 0.203469899494 97 

b1 3.077901 0.123557552695 0.0266187805682 0.427653342485 0.0541530361074 0.974754649933 0.21661214443 0.184661853126 99 

b0 3.099733 2.50158071518 9.50238418579 5.14901208878 -0.97725454976 -0.205737799949 0.0514344499874 0.194422220952 97 

b1 3.107508 0.173271089792 0.0322027988732 0.428052276373 0.0493864798325 0.98772959665 0.148159439497 0.202484567313 99 

b0 3.12562 2.47448182106 9.45291900635 5.14877891541 -0.989949493661 -0.141421356237 0.0 0.212132034356 97 

b1 3.148214 0.220281809568 0.0367500819266 0.427652060986 0.0470881609348 0.988851379631 0.141264482804 0.212367605816 99 

b0 3.168157 2.45118832588 9.39869213104 5.14737987518 -0.992876838487 -0.119145220618 0.0 0.25179356624 97 

b1 3.183039 0.262369334698 0.041567504406 0.42650026083 0.0470881609348 0.988851379631 0.141264482804 0.212367605816 99 

b0 3.201483 2.42891025543 9.337225914 5.14563751221 -0.985460115744 -0.169906916508 0.0 0.294278779391 97 

b1 3.212051 0.298492789268 0.0454280488193 0.424645036459 0.0452215631646 0.994874389621 0.0904431263292 0.221133443875 99 

b0 3.227448 2.40162038803 9.26504325867 5.14381504059 -0.984783558818 -0.173785333909 0.0 0.345253530033 97 

b1 3.237269 0.298492789268 0.0454280488193 0.424645036459 0.0452215631646 0.994874389621 0.0904431263292 0.221133443875 99 

b0 3.249686 2.40162038803 9.26504325867 5.14381504059 -0.984783558818 -0.173785333909 0.0 0.345253530033 97 

b1 3.257607 0.330062419176 0.0482439696789 0.422138482332 0.047351372381 0.994378820002 0.0947027447621 0.211187120819 99 

b0 3.273667 2.37171459198 9.1813621521 5.13551330566 -0.966876112076 -0.223125256633 -0.123958475907 0.403360880602 97 

b1 3.285707 0.356246650219 0.0511417612433 0.419067382812 0.047351372381 0.994378820002 0.0947027447621 0.211187120819 99 

b0 3.306418 2.33829069138 9.08572292328 5.1077003479 -0.906721111889 -0.253038449829 -0.337384599772 0.474236228055 97 

b1 3.31738 0.356246650219 0.0511417612433 0.419067382812 0.047351372381 0.994378820002 0.0947027447621 0.211187120819 99 

b0 3.32987 2.33829069138 9.08572292328 5.1077003479 -0.906721111889 -0.253038449829 -0.337384599772 0.474236228055 97 

b1 3.342521 0.377563089132 0.0536891669035 0.415430039167 0.0 0.99503719021 0.099503719021 0.200997512422 99 

b0 3.354926 2.29932951927 8.98034381866 5.04413223267 -0.795126829065 -0.236846289509 -0.558280539556 0.591100668245 97 

b1 3.371886 0.396982848644 0.0556783266366 0.411565631628 0.0 0.998617829333 0.0525588331228 0.190262975904 99 

b0 3.39876 2.25878071785 8.86870765686 4.94158840179 -0.690450963203 -0.215765926001 -0.690450963203 0.695197813575 97 

b1 3.409548 0.413399457932 0.0582759492099 0.407490670681 0.0 0.998460353205 0.0554700196225 0.180277563773 99 

b0 3.418463 2.25878071785 8.86870765686 4.94158840179 -0.690450963203 -0.215765926001 -0.690450963203 0.695197813575 97 

b1 3.43052 0.413399457932 0.0582759492099 0.407490670681 0.0 0.998460353205 0.0554700196225 0.180277563773 99 

b0 3.45062 2.21909427643 8.75543785095 4.81282615662 -0.644077754718 -0.20127429835 -0.738005760615 0.745251635355 97 

b1 3.467182 0.426669418812 0.0602926313877 0.403095185757 0.0 0.998274373175 0.0587220219515 0.170293863659 99 

b0 3.475867 2.18035125732 8.64063835144 4.67542886734 -0.651828621736 -0.199539374001 -0.731644371337 0.751731334986 97 

b1 3.52089 0.437191128731 0.0628649294376 0.39839938283 0.0 0.997785157857 0.0665190105238 0.150332963784 99 

b0 3.538048 2.14327645302 8.52726840973 4.54240131378 -0.655693393585 -0.209263849017 -0.725448009924 0.716798437498 96 

b1 3.546402 0.445122212172 0.0654451474547 0.393493384123 0.0 0.997458699831 0.0712470499879 0.140356688476 99 

b0 3.561879 2.10956716537 8.41941165924 4.41654634476 -0.661907867529 -0.20592689212 -0.720744122421 0.679852925271 96 

b1 3.570505 0.445122212172 0.0654451474547 0.393493384123 0.0 0.997458699831 0.0712470499879 0.140356688476 99 

b0 3.588145 2.08032870293 8.31894779205 4.29665756226 -0.652595752977 -0.20199392354 -0.730285723569 0.643583716388 96 

b1 3.606341 0.457354724407 0.0708701014519 0.382458865643 0.0 1.0 0.0 0.1 99 

b0 3.617618 2.08032870293 8.31894779205 4.29665756226 -0.652595752977 -0.20199392354 -0.730285723569 0.643583716388 96 

b1 3.6251 0.457354724407 0.0708701014519 0.382458865643 0.0 1.0 0.0 0.1 99 

b0 3.642445 2.05356121063 8.22492790222 4.18020105362 -0.626591932333 -0.192797517641 -0.75512361076 0.622414652784 96 

b1 3.653118 0.457354724407 0.0708701014519 0.382458865643 0.0 -1.0 0.0 0.01 99 

b0 3.671965 2.02986836433 8.13895511627 4.06468343735 -0.594845954844 -0.186951585808 -0.781797540652 0.588387627334 96 

b1 3.684885 0.457354724407 0.0708701014519 0.382458865643 0.0 -1.0 0.0 0.02 99 

b0 3.696449 2.02986836433 8.13895511627 4.06468343735 -0.594845954844 -0.186951585808 -0.781797540652 0.588387627334 96 

b1 3.717357 0.457354724407 0.0708701014519 0.382458865643 0.0 -1.0 0.0 0.02 99 

b0 3.733403 2.00710368156 8.06023216248 3.94808268547 -0.564370610002 -0.188123536667 -0.803800565761 0.584722156242 96 

b1 3.748314 0.457354724407 0.0708701014519 0.382458865643 -0.316227766017 -0.948683298051 0.0 0.0316227766017 99 

b0 3.763344 1.98619663715 7.98767900467 3.83061790466 -0.529585878651 -0.176528626217 -0.82968454322 0.566480361531 96 

b1 3.777413 0.457354724407 0.0708701014519 0.382458865643 -0.242535625036 -0.970142500145 0.0 0.0412310562562 99 

b0 3.791987 1.96856498718 7.92136621475 3.71179413795 -0.497389842172 -0.159875306413 -0.852668300867 0.562938717802 96 

b1 3.805032 0.457354724407 0.0708701014519 0.382458865643 -0.196116135138 -0.980580675691 0.0 0.0509901951359 99 

b0 3.82053 1.96856498718 7.92136621475 3.71179413795 -0.497389842172 -0.159875306413 -0.852668300867 0.562938717802 96 

b1 3.834732 0.457354724407 0.0708701014519 0.382458865643 -0.316227766017 -0.948683298051 0.0 0.0632455532034 99 

b0 3.844853 1.95452809334 7.85908079147 3.59166455269 -0.46993921076 -0.162671265263 -0.867580081403 0.553263047745 96 

b1 3.869581 0.457354724407 0.0708701014519 0.382458865643 -0.316227766017 -0.948683298051 0.0 0.0632455532034 99 

b0 3.879429 1.94129920006 7.80182552338 3.47172403336 -0.441054277136 -0.165395353926 -0.882108554272 0.544150714417 96 

b1 3.894655 0.457354724407 0.0708701014519 0.382458865643 -0.274721127897 -0.961523947641 0.0 0.0728010988928 99 

b0 3.909119 1.92727553844 7.75021982193 3.35184860229 -0.410730928266 -0.168026288836 -0.896140207125 0.535630469634 96 

b1 3.927243 0.457354724407 0.0708701014519 0.382458865643 -0.242535625036 -0.970142500145 0.0 0.0824621125124 99 

b0 3.940472 1.91275107861 7.70457935333 3.23165512085 -0.378980963791 -0.170541433706 -0.909554313097 0.527730992078 96 

b1 3.958212 0.457354724407 0.0708701014519 0.382458865643 -0.242535625036 -0.970142500145 0.0 0.0824621125124 99 

b0 3.981512 1.89908742905 7.66385126114 3.11119055748 -0.329801893068 -0.155200890856 -0.931205345134 0.515460958754 96 

b1 3.994428 0.457354724407 0.0708701014519 0.382458865643 -0.216930457819 -0.976187060184 0.0 0.0921954445729 99 

b0 4.009066 1.88949751854 7.63093519211 2.9907989502 -0.258863495453 -0.139388036013 -0.95580367552 0.50219518118 96 

b1 4.01975 0.457354724407 0.0708701014519 0.382458865643 -0.216930457819 -0.976187060184 0.0 0.0921954445729 99 

b0 4.029592 1.88949751854 7.63093519211 2.9907989502 -0.258863495453 -0.139388036013 -0.95580367552 0.50219518118 96 

b1 4.041418 0.457354724407 0.0708701014519 0.382458865643 -0.216930457819 -0.976187060184 0.0 0.0921954445729 99 

b0 4.06079 1.88369953632 7.60683298111 2.87098813057 -0.202444082545 -0.121466449527 -0.971731596215 0.493963561409 96 

b1 4.078694 0.457354724407 0.0708701014519 0.382458865643 -0.216930457819 -0.976187060184 0.0 0.0921954445729 99 

b0 4.109419 1.88061380386 7.58977651596 2.75166392326 -0.123377418173 -0.102814515144 -0.987019345383 0.486312656632 96 

b1 4.124868 0.457354724407 0.0708701014519 0.382458865643 -0.196116135138 -0.980580675691 0.0 0.101980390272 99 

b0 4.148939 1.87885701656 7.57669734955 2.63205265999 -0.123377418173 -0.102814515144 -0.987019345383 0.486312656632 96 

b1 4.160278 0.457354724407 0.0708701014519 0.382458865643 -0.196116135138 -0.980580675691 0.0 0.101980390272 99 

b0 4.179903 1.8776165247 7.56346607208 2.51168513298 -0.123377418173 -0.102814515144 -0.987019345383 0.486312656632 96 

b1 4.188499 0.457354724407 0.0708701014519 0.382458865643 -0.196116135138 -0.980580675691 0.0 0.101980390272 99 

b0 4.204283 1.87633681297 7.55184316635 2.39174294472 -0.0826016205564 -0.103252025696 -0.991219446677 0.484252000512 96 

b1 4.216449 0.457354724407 0.0708701014519 0.382458865643 -0.196116135138 -0.980580675691 0.0 0.101980390272 99 

b0 4.227434 1.87633681297 7.55184316635 2.39174294472 -0.0826016205564 -0.103252025696 -0.991219446677 0.484252000512 96 

b1 4.238042 0.457354724407 0.0708701014519 0.382458865643 -0.196116135138 -0.980580675691 0.0 0.101980390272 99 

b0 4.253832 1.87275135517 7.54367494583 2.27214479446 -0.0620438874443 -0.103406479074 -0.992702199109 0.483528696149 96 

b1 4.260092 0.457354724407 0.0708701014519 0.382458865643 -0.196116135138 -0.980580675691 0.0 0.101980390272 99 

b0 4.270461 1.86910402775 7.5373415947 2.15175008774 -0.0414068913013 -0.103517228253 -0.993765391231 0.483011387029 95 

b1 4.278181 0.457354724407 0.0708701014519 0.382458865643 -0.196116135138 -0.980580675691 0.0 0.101980390272 99 

b0 4.29877 1.8655462265 7.53286838531 2.03133630753 0.0 -0.103606084259 -0.994618408891 0.482597140481 95 

b1 4.308157 0.457354724407 0.0708701014519 0.382458865643 -0.196116135138 -0.980580675691 0.0 0.101980390272 99 

b0 4.322866 1.8655462265 7.53286838531 2.03133630753 0.0 -0.103606084259 -0.994618408891 0.482597140481 95 

b1 4.330255 0.457354724407 0.0708701014519 0.382458865643 -0.196116135138 -0.980580675691 0.0 0.101980390272 99 

b0 4.34903 1.86012852192 7.52956581116 1.91185641289 0.0 -0.103606084259 -0.994618408891 0.482597140481 95 

b1 4.357564 0.457354724407 0.0708701014519 0.382458865643 -0.196116135138 -0.980580675691 0.0 0.101980390272 99 

b0 4.371539 1.85646593571 7.52855968475 1.7926658392 0.0207568969762 -0.0830275879048 -0.996331054858 0.481767578818 95 

b1 4.386541 0.457354724407 0.0708701014519 0.382458865643 -0.196116135138 -0.980580675691 0.0 0.101980390272 99 

b0 4.400726 1.85646593571 7.52855968475 1.7926658392 0.0207568969762 -0.0830275879048 -0.996331054858 0.481767578818 95 

b1 4.409167 0.457354724407 0.0708701014519 0.382458865643 -0.196116135138 -0.980580675691 0.0 0.101980390272 99 

b0 4.426204 1.85559773445 7.52922773361 1.67321443558 0.0207882687482 -0.0623648062445 -0.997836899911 0.481040538832 95 

b1 4.434459 0.457354724407 0.0708701014519 0.382458865643 -0.196116135138 -0.980580675691 0.0 0.101980390272 99 

b0 4.446103 1.85559773445 7.52922773361 1.67321443558 0.0207882687482 -0.0623648062445 -0.997836899911 0.481040538832 95 

b1 4.468158 0.457354724407 0.0708701014519 0.382458865643 -0.099503719021 -0.99503719021 0.0 0.100498756211 99 

b0 4.476477 1.85662209988 7.5301823616 1.5536993742 0.0415496125906 -0.0623244188859 -0.997190702175 0.481352261862 95 

b1 4.491484 0.457354724407 0.0708701014519 0.382458865643 -0.099503719021 -0.99503719021 0.0 0.100498756211 99 

b0 4.507223 1.85892784595 7.53092050552 1.43345201015 0.0208107644465 -0.041621528893 -0.998916693431 0.480520551069 95 

b1 4.519364 0.457354724407 0.0708701014519 0.382458865643 -0.110431526075 -0.993883734674 0.0 0.0905538513814 99 

b0 4.535497 1.86081635952 7.53026723862 1.31343507767 0.0207882687482 -0.0623648062445 -0.997836899911 0.481040538832 95 

b1 4.544921 0.457354724407 0.0708701014519 0.382458865643 -0.110431526075 -0.993883734674 0.0 0.0905538513814 99 

b0 4.564886 1.86248981953 7.53081798553 1.19385492802 0.0415496125906 -0.0623244188859 -0.997190702175 0.481352261862 95 

b1 4.573088 0.457354724407 0.0708701014519 0.382458865643 -0.110431526075 -0.993883734674 0.0 0.0905538513814 99 

b0 4.583142 1.86248981953 7.53081798553 1.19385492802 0.0415496125906 -0.0623244188859 -0.997190702175 0.481352261862 95 

b1 4.596779 0.457354724407 0.0708701014519 0.382458865643 -0.110431526075 -0.993883734674 0.0 0.0905538513814 99 

b0 4.60561 1.86248981953 7.53081798553 1.19385492802 0.0415496125906 -0.0623244188859 -0.997190702175 0.481352261862 95 

b1 4.637168 0.457354724407 0.0708701014519 0.382458865643 -0.110431526075 -0.993883734674 0.0 0.0905538513814 99 

b0 4.656068 1.86777758598 7.54069232941 0.955381095409 0.0828848674076 -0.0621636505557 -0.994618408891 0.482597140481 95 

b1 4.663606 0.457354724407 0.0708701014519 0.382458865643 -0.110431526075 -0.993883734674 0.0 0.0905538513814 99 

b0 4.675054 1.86777758598 7.54069232941 0.955381095409 0.0828848674076 -0.0621636505557 -0.994618408891 0.482597140481 95 

b1 4.694154 0.457354724407 0.0708701014519 0.382458865643 -0.110431526075 -0.993883734674 0.0 0.0905538513814 99 

b0 4.717518 1.87551355362 7.55422258377 0.716778218746 0.0829739813645 -0.0414869906823 -0.995687776374 0.482078831728 95 

b1 4.72371 0.457354724407 0.0708701014519 0.382458865643 -0.124034734589 -0.992277876714 0.0 0.080622577483 99 

b0 4.732592 1.87551355362 7.55422258377 0.716778218746 0.0829739813645 -0.0414869906823 -0.995687776374 0.482078831728 95 

b1 4.746582 0.457354724407 0.0708701014519 0.382458865643 -0.124034734589 -0.992277876714 0.0 0.080622577483 99 

b0 4.761641 1.879789114 7.56037521362 0.597551345825 0.0828848674076 -0.0621636505557 -0.994618408891 0.482597140481 95 

b1 4.771627 0.457354724407 0.0708701014519 0.382458865643 0.0 -1.0 0.0 0.08 99 

b0 4.783184 1.879789114 7.56037521362 0.597551345825 0.0828848674076 -0.0621636505557 -0.994618408891 0.482597140481 95 

b1 4.793529 0.457354724407 0.0708701014519 0.382458865643 0.0 -1.0 0.0 0.08 99 

b0 4.804305 1.88264107704 7.5661816597 0.477867335081 0.0609962759522 -0.0609962759522 -0.996272507219 0.491833305094 95 

b1 4.826149 0.457354724407 0.0708701014519 0.382458865643 0.0 -1.0 0.0 0.08 99 

b0 4.840656 1.88525700569 7.57114648819 0.358233392239 0.061059412576 -0.0407062750507 -0.997303738741 0.491324739862 95 

b1 4.857427 0.457354724407 0.0708701014519 0.382458865643 0.0 -1.0 0.0 0.08 99 

b0 4.869716 1.8877235651 7.57458782196 0.23886488378 0.061059412576 -0.0407062750507 -0.997303738741 0.491324739862 95 

b1 4.880206 0.457354724407 0.0708701014519 0.382458865643 0.0 -1.0 0.0 0.08 99 

b0 4.901519 1.89003479481 7.57816028595 0.119588784873 0.0623244188859 -0.0415496125906 -0.997190702175 0.481352261862 95 

b1 4.921074 0.457354724407 0.0708701014519 0.382458865643 0.0 -1.0 0.0 0.07 99 

b0 4.94233 1.89315330982 7.58245706558 0.00336147868074 0.0623244188859 -0.0415496125906 -0.997190702175 0.481352261862 95 

b1 4.956706 0.457354724407 0.0708701014519 0.382458865643 0.0 -1.0 0.0 0.07 99 

b0 4.976491 1.89506661892 7.58638572693 -0.109372593462 0.0829739813645 -0.0414869906823 -0.995687776374 0.482078831728 95 

b1 4.988284 0.457354724407 0.0708701014519 0.382458865643 0.0 -1.0 0.0 0.07 99 

b0 5.007158 1.89506661892 7.58638572693 -0.109372593462 0.0829739813645 -0.0414869906823 -0.995687776374 0.482078831728 95 

b1 5.021995 0.457354724407 0.0708701014519 0.382458865643 0.0 -1.0 0.0 0.07 99 

b0 5.036591 1.8970413208 7.59042739868 -0.219167247415 0.0830275879048 -0.0207568969762 -0.996331054858 0.481767578818 94 

b1 5.046764 0.457354724407 0.0708701014519 0.382458865643 0.0 -1.0 0.0 0.06 99 

b0 5.0614 1.89930176735 7.59569692612 -0.326234996319 0.105691476073 -0.042276590429 -0.993499875082 0.473075046901 94 

b1 5.081277 0.457354724407 0.0708701014519 0.382458865643 0.0 -1.0 0.0 0.06 99 

b0 5.120587 1.90011310577 7.60058546066 -0.432134032249 0.103517228253 -0.0414068913013 -0.993765391231 0.483011387029 94 

b1 5.131712 0.457354724407 0.0708701014519 0.382458865643 0.0 -1.0 0.0 0.06 99 

b0 5.148265 1.90024793148 7.60567378998 -0.535555064678 0.0847237084548 -0.0423618542274 -0.995503574344 0.472122865365 94 

b1 5.15749 0.457354724407 0.0708701014519 0.382458865643 0.0 -1.0 0.0 0.06 99 

